#############################################################################
# Project CNPq: Increasing PHC with team sizing
# Author: João Flávio de Freitas Almeida <joao.flavio@dep.ufmg.br>
# LEPOINT: Laboratório de Estudos em Planejamento de Operações Integradas
# Departamento de Engenharia de Produção
# Universidade Federal de Minas Gerais - Escola de Engenharia
#############################################################################
# Health Care Facility Location Problem: Considering fixed facilities,
# choose intermediate facilities according a criteria that improve service
# quality. Consider health care teams.
#############################################################################
# glpsol -m aps.mod -d LS.dat --cuts

#############################################################################
# DADOS REFERENTES AO MUNICIPIO DE: 
# Divinopolis 
#############################################################################
data;
param BUDGET := 35851012.41; # Overall budget constraint ($/year)
param I_L1 := 3818078.0;
param I_L1_exp := 1200000.0;
param: K: Dmax :=
1         5000 # PHC: Primary health care (basic care)
2         30000 # SHC: Secondary health care (intermediate care)
3         35000 # THC: Tertiary health care (hospital care)
;
# Basic health care units teams (PHC)
set E[1] :=
eSF
eSB
eMulti
ACS
;

# Intermediate health care units teams (SHC)
set E[2] :=
EQ2
;

set E[3] :=
EQ3
;

set EL[1] := 
3122309727221
3122302159694
3122302159538
3122302159511
3122300273600
3122302159503
3122302159597
3122302159406
3122307634617
3122302159678
3122302159422
3122302159414
3122304445651
3122306026028
3122304194500
3122302159392
3122309727280
3122302206315
3122307269161
3122307274254
3122302159473
3122307497598
3122302159554
3122306072046
3122302159546
3122302159465
3122307676875
3122306942822
3122302206323
3122304384881
3122304207866
3122302701804
3122302159457
3122302159856
3122302159449
3122307488882
3122306223354
3122305611830
3122302159589
3122306942849
3122302159287
;

set EL[2] := SHC1;
set EL[3] := THC1;
set CL[1] :=
312230605000151
312230605000197
312230605000204
312230605000206
312230605000277
312230605000278
312230605000356
312230605000373
312230605000377
312230605000418
312230605000486
312230605000524
312230605000565
312230605000566
312230605000568
312230605000592
312230605000594
312230605000595
312230605000596
312230605000644
312230605000649
312230605000662
312230610000002
312230610000007
312230610000008
312230610000009
312230610000016
312230610000034
312230610000035
312230610000040
;

set CL[2] := ;
set CL[3] := ;
# of type p at demand point i and 
# vulnerability V (the higher vulnerability, the worse)
# id_setor	populacao	IVS
param: I:       W   IVS:=	
312230605000001 783 0.1344668523303333 
312230605000002 591 0.1255585042248636 
312230605000003 726 0.1332564994094149 
312230605000004 474 0.116876940326861 
312230605000005 571 0.1230746579556365 
312230605000006 920 0.1420793415031539 
312230605000007 835 0.1367970250021977 
312230605000008 579 0.1237592226775046 
312230605000009 655 0.1281350355234797 
312230605000010 596 0.1256844163193967 
312230605000011 496 0.1196983593172733 
312230605000012 340 0.112423815676253 
312230605000013 388 0.1118455939511962 
312230605000014 500 0.1181476023978993 
312230605000015 603 0.1239425933836928 
312230605000016 681 0.1294881884152585 
312230605000017 596 0.1236980174474089 
312230605000018 704 0.1311556722841752 
312230605000019 880 0.1385027486411094 
312230605000020 771 0.1337322917934275 
312230605000021 324 0.1094583112576305 
312230605000022 335 0.1102240577550803 
312230605000023 338 0.1124755264274237 
312230605000024 441 0.1201320499690363 
312230605000025 513 0.1206796732725977 
312230605000026 507 0.1203744001290003 
312230605000027 462 0.1175829129754664 
312230605000028 505 0.1202176446153091 
312230605000029 634 0.1267926101043497 
312230605000030 686 0.1282837569248418 
312230605000031 354 0.1118926468849033 
312230605000032 444 0.1157479714202524 
312230605000033 452 0.1163463216380848 
312230605000034 560 0.1206260195254519 
312230605000035 537 0.119524222634343 
312230605000036 733 0.1298994835918107 
312230605000037 867 0.1378284331546455 
312230605000038 580 0.1219478899612015 
312230605000040 681 0.127404376736808 
312230605000041 224 0.1072976537616353 
312230605000042 597 0.1261812218693812 
312230605000043 469 0.1176526024393831 
312230605000044 551 0.1223978929370072 
312230605000045 477 0.117176890875283 
312230605000046 525 0.120247132351465 
312230605000047 505 0.1176263171231951 
312230605000048 535 0.119723655018965 
312230605000050 710 0.1306932083319517 
312230605000051 574 0.1219366382707378 
312230605000052 333 0.1089816231001274 
312230605000053 753 0.1308055088219102 
312230605000054 710 0.1301326411626906 
312230605000056 424 0.1137099504525704 
312230605000057 579 0.1205536558002208 
312230605000058 761 0.1298076519276153 
312230605000059 700 0.1277112037071335 
312230605000060 446 0.1149317905092301 
312230605000061 503 0.1162123047790664 
312230605000063 620 0.1213660283167654 
312230605000064 791 0.132780550744693 
312230605000065 754 0.1301774459451875 
312230605000066 549 0.1200104170661306 
312230605000067 372 0.1094207230006761 
312230605000068 620 0.1230665707342946 
312230605000069 396 0.1115289459538366 
312230605000070 472 0.1165634805959109 
312230605000072 471 0.1175857911947081 
312230605000073 287 0.1102714160988683 
312230605000074 187 0.0997909813881448 
312230605000075 546 0.1210436017919138 
312230605000076 505 0.1200378757193446 
312230605000077 429 0.1148145156641069 
312230605000078 631 0.125089851657603 
312230605000079 480 0.1173466678681682 
312230605000080 605 0.1240236584880152 
312230605000081 319 0.1089839192353859 
312230605000084 609 0.1242020533028255 
312230605000085 615 0.1241621378730864 
312230605000086 824 0.1354972203313914 
312230605000087 550 0.1191963131198386 
312230605000089 452 0.1141577962761253 
312230605000090 344 0.1075739036920879 
312230605000091 602 0.1217730191131318 
312230605000092 461 0.1138223530611719 
312230605000096 721 0.1279137884173466 
312230605000097 499 0.1166810979733523 
312230605000098 500 0.1176279282878544 
312230605000099 668 0.1286664906739568 
312230605000100 703 0.1281503563368147 
312230605000101 765 0.1294316516432838 
312230605000103 571 0.1204083139238525 
312230605000106 870 0.1398800320992018 
312230605000107 599 0.1227534120791912 
312230605000108 795 0.1355455798072324 
312230605000109 746 0.130483991652896 
312230605000110 302 0.1061040784413574 
312230605000112 364 0.1123842958719059 
312230605000113 797 0.1319940908792636 
312230605000114 463 0.1144372277266259 
312230605000115 618 0.123357658141495 
312230605000116 369 0.1152555858535485 
312230605000118 708 0.1357519669738288 
312230605000119 595 0.1248099997396523 
312230605000120 605 0.12649190426474 
312230605000121 460 0.1160001127108562 
312230605000122 495 0.1166279336126618 
312230605000123 687 0.1281715679864588 
312230605000124 394 0.1114573430669269 
312230605000126 319 0.1077468365315258 
312230605000127 601 0.1225307247252827 
312230605000128 356 0.111440793119277 
312230605000129 496 0.1172781025163705 
312230605000133 447 0.1247697213493184 
312230605000134 540 0.1260307836277978 
312230605000135 707 0.1311881262194155 
312230605000136 378 0.1108410895108877 
312230605000137 716 0.1303860622982792 
312230605000138 580 0.1241440143118711 
312230605000139 568 0.1257996866468168 
312230605000141 662 0.1269532796749334 
312230605000142 743 0.1330229480091429 
312230605000143 539 0.1194829838391208 
312230605000144 645 0.1286101224901713 
312230605000147 463 0.1176572357498917 
312230605000148 630 0.1270801691434472 
312230605000149 512 0.1174817251598184 
312230605000150 512 0.1192544534625637 
312230605000151 739 0.1295330507209814 
312230605000158 204 0.1010696652367242 
312230605000160 408 0.1134134203039304 
312230605000163 585 0.1240904013180211 
312230605000164 744 0.130425454089996 
312230605000165 298 0.105856469868078 
312230605000166 452 0.1125369898283261 
312230605000168 541 0.1190393115181997 
312230605000169 600 0.1224249330872291 
312230605000170 605 0.1225039386740467 
312230605000172 693 0.1265512838343145 
312230605000178 622 0.123602040560703 
312230605000180 576 0.121111982292539 
312230605000181 755 0.131383425124006 
312230605000182 540 0.1196608817413571 
312230605000185 530 0.1176752571368817 
312230605000189 744 0.1298423372199657 
312230605000190 300 0.107102186424066 
312230605000194 36 0.0924706653522296 
312230605000195 267 0.1042053424600021 
312230605000196 32 0.0937455970844744 
312230605000197 418 0.1121116359758487 
312230605000200 204 0.1015706354241894 
312230605000202 75 0.0958900367400644 
312230605000204 250 0.1032572730817619 
312230605000205 427 0.1130378603186152 
312230605000206 315 0.1073475512712598 
312230605000208 529 0.1217738460716472 
312230605000209 371 0.112135293351182 
312230605000210 389 0.1122953390585093 
312230605000211 674 0.1289864149089537 
312230605000212 274 0.1067475873479693 
312230605000213 751 0.1369844177001322 
312230605000214 224 0.1033624286587431 
312230605000215 309 0.1088664775410198 
312230605000216 319 0.1083583072691607 
312230605000217 268 0.10557801128064 
312230605000219 829 0.140693715088497 
312230605000220 471 0.1169310547707533 
312230605000221 415 0.1160319704928158 
312230605000222 356 0.1104947413466918 
312230605000223 637 0.1246537324398085 
312230605000225 519 0.1207493546596938 
312230605000226 424 0.11336197392823 
312230605000227 448 0.1146399174367457 
312230605000228 423 0.1148256517691081 
312230605000229 449 0.1142424604759711 
312230605000230 600 0.1218393384534572 
312230605000231 467 0.1142346286553343 
312230605000233 589 0.1210283587381926 
312230605000236 683 0.1267561778374042 
312230605000237 472 0.116802595950564 
312230605000238 290 0.1069174033239272 
312230605000239 667 0.1254657062237613 
312230605000240 343 0.1076076900747579 
312230605000241 407 0.1125174389151205 
312230605000242 449 0.1142646516193385 
312230605000243 372 0.1098996116229142 
312230605000245 575 0.1201291549300189 
312230605000247 788 0.1331406401319335 
312230605000248 631 0.1255254548171951 
312230605000249 576 0.1350131112908893 
312230605000250 661 0.1262757315169067 
312230605000251 346 0.1098222684141101 
312230605000252 569 0.1220214526912192 
312230605000254 474 0.1168789902881157 
312230605000255 531 0.1196913440379713 
312230605000256 391 0.1124490037920962 
312230605000257 626 0.1241402091450221 
312230605000258 488 0.1177900531867983 
312230605000260 626 0.1232781095793333 
312230605000261 559 0.1204599585468853 
312230605000262 423 0.1124802908450129 
312230605000263 898 0.1349394543095938 
312230605000264 687 0.128241813787952 
312230605000265 672 0.1258769623439755 
312230605000266 537 0.1200769127569193 
312230605000267 933 0.13785851192383 
312230605000270 657 0.1268210695107253 
312230605000271 506 0.11860857174588 
312230605000275 568 0.119961228674769 
312230605000276 551 0.1196801874061735 
312230605000277 41 0.0944196000316846 
312230605000278 380 0.111051446956581 
312230605000279 332 0.1101844944291769 
312230605000280 0 0.1203299611097847 
312230605000281 249 0.1036062640182541 
312230605000282 435 0.1144614712959846 
312230605000283 495 0.1191819654440384 
312230605000284 231 0.1051810897324845 
312230605000286 329 0.1082830461509661 
312230605000287 187 0.0990338634301287 
312230605000288 206 0.1018654839894723 
312230605000289 683 0.1261341718366918 
312230605000290 26 0.0880549670407712 
312230605000291 734 0.1295560238875052 
312230605000293 530 0.1190108424534161 
312230605000294 243 0.1041603945102646 
312230605000296 492 0.1166323646070003 
312230605000297 392 0.1111924345535009 
312230605000298 611 0.1230389561463756 
312230605000299 540 0.1184583878213722 
312230605000302 796 0.1309169694316674 
312230605000303 762 0.1285162937104667 
312230605000305 581 0.1206104305345447 
312230605000306 936 0.1381981601991694 
312230605000308 44 0.0934565995440745 
312230605000309 78 0.0940612714354442 
312230605000310 856 0.1348949356079015 
312230605000312 112 0.0968801685772563 
312230605000313 699 0.1273888206229675 
312230605000317 81 0.0953177583344958 
312230605000322 760 0.128168201953276 
312230605000323 256 0.1048208672759974 
312230605000324 454 0.1141423617688111 
312230605000325 24 0.0924520215477645 
312230605000326 588 0.1214607897497357 
312230605000330 387 0.110349702721573 
312230605000332 462 0.1154496038415972 
312230605000333 654 0.1239075532443784 
312230605000337 316 0.1059576438620386 
312230605000338 552 0.1182917624723179 
312230605000339 81 0.0950270047046463 
312230605000341 362 0.1096420282247651 
312230605000343 174 0.0993296453586209 
312230605000348 562 0.119758244467647 
312230605000351 521 0.1187249238746661 
312230605000354 21 0.0917420043759113 
312230605000355 804 0.1318407202681439 
312230605000356 0 0.1203299611097847 
312230605000357 36 0.0917577886471639 
312230605000362 381 0.1092827317029872 
312230605000366 0 0.1203299611097847 
312230605000370 123 0.0979314816134172 
312230605000372 144 0.098109474943098 
312230605000373 52 0.0940808191362302 
312230605000375 37 0.0926138753091723 
312230605000376 787 0.1297737645755061 
312230605000377 607 0.1218445784797527 
312230605000378 140 0.0973756632438969 
312230605000382 245 0.1032296205799511 
312230605000383 17 0.0908561409077063 
312230605000384 108 0.0969540114161624 
312230605000385 72 0.0954551120916966 
312230605000386 574 0.1194743850775675 
312230605000387 766 0.1339363876112844 
312230605000388 754 0.1295392149277307 
312230605000391 513 0.1154846879454119 
312230605000393 344 0.107874978653612 
312230605000394 467 0.1147802774958798 
312230605000396 421 0.1125257765013631 
312230605000397 591 0.1185626697231717 
312230605000398 603 0.1193697274317149 
312230605000401 640 0.127763089165686 
312230605000402 341 0.1077262384139021 
312230605000403 201 0.1000467622855056 
312230605000404 550 0.1179242528231629 
312230605000405 402 0.1098577819670134 
312230605000408 290 0.104509625971365 
312230605000409 306 0.1055688689402151 
312230605000410 450 0.1128867720771295 
312230605000411 751 0.1285723161892048 
312230605000415 204 0.1007813999650389 
312230605000418 130 0.1005522254641747 
312230605000421 82 0.095279754990032 
312230605000422 121 0.0986960416220656 
312230605000423 162 0.0985774599598616 
312230605000426 179 0.0998081078447601 
312230605000428 27 0.0909591637212028 
312230605000429 26 0.0913274143353843 
312230605000430 158 0.0992247337415574 
312230605000431 150 0.0977558634819775 
312230605000444 342 0.1095055582940463 
312230605000445 406 0.1106876798145513 
312230605000448 23 0.0941813509726271 
312230605000450 479 0.1176266512600118 
312230605000451 641 0.1257974212340237 
312230605000452 66 0.0950225438653704 
312230605000453 431 0.113555885157025 
312230605000454 540 0.1183620420409964 
312230605000455 583 0.1209964023802914 
312230605000456 418 0.1120917182417485 
312230605000457 533 0.1170725755881466 
312230605000458 469 0.121255911227496 
312230605000461 481 0.1171987377033633 
312230605000462 336 0.1076897495703437 
312230605000463 450 0.1143008352166145 
312230605000464 781 0.1300515285479618 
312230605000465 644 0.1233857030488368 
312230605000466 487 0.1144703180553486 
312230605000467 451 0.1139354801040198 
312230605000468 618 0.1215671686430638 
312230605000469 654 0.1247059658891958 
312230605000471 665 0.1251133594908605 
312230605000472 191 0.0994584506799212 
312230605000473 188 0.1024661678349625 
312230605000474 501 0.1160934851499903 
312230605000475 587 0.1205801792515795 
312230605000476 652 0.1243839178417504 
312230605000477 275 0.1044248335528059 
312230605000478 316 0.1101200508196529 
312230605000479 403 0.1113695118725272 
312230605000480 309 0.1071678688211577 
312230605000481 269 0.1052334440167743 
312230605000482 618 0.1241429526239401 
312230605000483 319 0.1079694166940336 
312230605000484 278 0.1052561359769683 
312230605000485 303 0.1068990106336408 
312230605000486 437 0.1196950743615716 
312230605000487 444 0.1183387943893363 
312230605000488 361 0.1095687614892099 
312230605000489 414 0.1109860496985503 
312230605000490 399 0.112414905119417 
312230605000491 367 0.1102623585316263 
312230605000492 446 0.1141447377108677 
312230605000493 374 0.1084987888055425 
312230605000494 361 0.1090687809965288 
312230605000496 345 0.1079651138042676 
312230605000497 408 0.1103715701337335 
312230605000498 452 0.1131746881076041 
312230605000499 565 0.1184440674400839 
312230605000500 440 0.1127963284270653 
312230605000501 622 0.1230664602713485 
312230605000502 290 0.1051125700381093 
312230605000503 523 0.1164604695242171 
312230605000504 254 0.1024283987820374 
312230605000506 480 0.1156139789125802 
312230605000507 490 0.1155965926560873 
312230605000508 630 0.1214671454826895 
312230605000509 463 0.1139163063860939 
312230605000510 0 0.1203299611097847 
312230605000511 382 0.1109844432383179 
312230605000512 464 0.114517987067991 
312230605000513 475 0.1137269066339888 
312230605000514 467 0.1135452988168075 
312230605000515 606 0.1212586586434526 
312230605000516 358 0.1083686348870668 
312230605000518 169 0.098627806425426 
312230605000519 405 0.1119144600412638 
312230605000520 459 0.1153753304657041 
312230605000522 504 0.1158625559577971 
312230605000523 377 0.1099522096781571 
312230605000524 344 0.1078673659813612 
312230605000525 703 0.1276347846637668 
312230605000526 507 0.1147585006800986 
312230605000527 386 0.1091875427252643 
312230605000528 499 0.1160282760857425 
312230605000529 481 0.1148144907993286 
312230605000532 285 0.1050413171752241 
312230605000533 491 0.1144774378152187 
312230605000534 698 0.1256465763277396 
312230605000535 415 0.1107984113721678 
312230605000537 460 0.1142453842864507 
312230605000538 589 0.1209003572686899 
312230605000539 594 0.119319160201323 
312230605000540 641 0.1213275283881258 
312230605000541 524 0.118471230849316 
312230605000542 350 0.1078762222220215 
312230605000543 480 0.1145641799337651 
312230605000544 410 0.1120541340079914 
312230605000548 216 0.1019308452843815 
312230605000550 383 0.1089343384309699 
312230605000551 398 0.1104703099436771 
312230605000552 403 0.1105037210191191 
312230605000553 193 0.1006020842491702 
312230605000554 329 0.1083863291661162 
312230605000555 473 0.1153282354375523 
312230605000556 318 0.1056488114388352 
312230605000557 371 0.1086033227898424 
312230605000558 512 0.1166992083897998 
312230605000559 446 0.1127322054605534 
312230605000560 440 0.1123130220748941 
312230605000561 405 0.1121842688606409 
312230605000562 429 0.1137344083949112 
312230605000563 270 0.1049229593006003 
312230605000564 266 0.1053595987112851 
312230605000565 149 0.0984858854312457 
312230605000566 115 0.0979640326576348 
312230605000568 46 0.0940766847213318 
312230605000571 209 0.1019955154170673 
312230605000572 85 0.0962192933050051 
312230605000573 58 0.0944327294066913 
312230605000574 245 0.1053419086891835 
312230605000575 210 0.1034379414231307 
312230605000576 246 0.1173168934157547 
312230605000577 153 0.0987121714800471 
312230605000578 224 0.1025444321624335 
312230605000579 410 0.1124836816828251 
312230605000580 264 0.1046263701078662 
312230605000581 322 0.1082277837699804 
312230605000582 219 0.1022668664843276 
312230605000583 240 0.1038484297532272 
312230605000584 228 0.101504372428413 
312230605000585 152 0.0977942571589566 
312230605000586 193 0.0996991730584248 
312230605000587 384 0.1102004551179601 
312230605000588 631 0.1220861537368227 
312230605000589 278 0.1043200438495073 
312230605000590 408 0.1114633596431625 
312230605000591 142 0.0964091939187559 
312230605000592 264 0.1034911393299602 
312230605000593 35 0.0929467900025539 
312230605000594 29 0.0917923818735282 
312230605000595 393 0.1126537672559794 
312230605000596 0 0.1203299611097847 
312230605000597 534 0.1177823811281255 
312230605000598 392 0.1101294008821019 
312230605000599 393 0.1102440533161998 
312230605000600 396 0.1099102570517103 
312230605000601 383 0.1107588734572917 
312230605000602 316 0.1064118265041627 
312230605000603 437 0.1126213851935526 
312230605000604 538 0.1183358507135418 
312230605000605 218 0.1012763235342693 
312230605000606 282 0.1050088238787139 
312230605000607 447 0.1118704310081774 
312230605000608 365 0.1083030475886811 
312230605000609 615 0.1252197181092566 
312230605000611 570 0.1190763975195194 
312230605000612 425 0.1125682856641759 
312230605000613 410 0.1108461722154968 
312230605000614 562 0.1198529848798218 
312230605000615 469 0.1135454269531805 
312230605000616 595 0.1209687852265947 
312230605000617 395 0.1094411789969939 
312230605000618 359 0.1082460551500879 
312230605000619 478 0.1141244883955874 
312230605000620 491 0.1145206296287156 
312230605000621 416 0.1116779097043798 
312230605000622 505 0.1153970960274061 
312230605000624 421 0.1109920089323017 
312230605000625 380 0.1105593466110054 
312230605000626 400 0.1116847086875566 
312230605000627 590 0.1204304818113555 
312230605000628 410 0.1161681972442526 
312230605000629 424 0.1121538416919335 
312230605000630 276 0.1049506125923872 
312230605000631 372 0.1101809956520916 
312230605000632 434 0.1132058004148504 
312230605000633 519 0.1213963542533677 
312230605000634 466 0.1151696370004203 
312230605000635 533 0.1197404925847753 
312230605000636 580 0.1216402506811679 
312230605000637 223 0.1020829843288701 
312230605000638 227 0.1040318334047245 
312230605000639 359 0.1096908749012411 
312230605000640 431 0.1140476315941547 
312230605000641 59 0.0946324734641318 
312230605000642 352 0.1077852993584315 
312230605000643 442 0.1139289874706487 
312230605000644 408 0.1122543981555839 
312230605000645 365 0.1156397384299571 
312230605000646 280 0.1064309606510175 
312230605000647 479 0.1158050803622345 
312230605000648 463 0.1147481404248885 
312230605000649 525 0.1185494316573526 
312230605000650 343 0.1084251632183232 
312230605000651 459 0.1159913546187665 
312230605000652 640 0.1264557029430618 
312230605000653 403 0.1101476919654045 
312230605000654 417 0.1115781105694779 
312230605000655 455 0.1132788233240846 
312230605000656 715 0.1276088672635364 
312230605000657 352 0.1076282024312327 
312230605000658 496 0.1151600663171884 
312230605000659 253 0.1046489049312083 
312230605000660 326 0.1079189579768221 
312230605000662 124 0.0981626001960861 
312230605000664 90 0.0959349669353721 
312230605000665 0 0.1203299611097847 
312230605000666 11 0.0905795798358195 
312230605000667 111 0.0974412362908961 
312230605000668 110 0.0963265659551466 
312230605000669 19 0.090378572913194 
312230605000670 123 0.0958875450820339 
312230605000671 27 0.0939195600226734 
312230605000672 159 0.0994553989452238 
312230605000673 144 0.1000192566437808 
312230605000674 611 0.1242790675791192 
312230605000675 0 0.1203299611097847 
312230605000676 228 0.1024434420116159 
312230610000002 511 0.11810254562037 
312230610000003 570 0.1244432184215185 
312230610000004 88 0.0965416340270165 
312230610000006 113 0.0979888281569616 
312230610000007 82 0.0974751175707337 
312230610000008 198 0.1042594102670507 
312230610000009 217 0.104069018318652 
312230610000010 94 0.1029712800612992 
312230610000012 155 0.0990746428854141 
312230610000013 511 0.1164791342221717 
312230610000014 317 0.1069909648901881 
312230610000016 83 0.0960767158024387 
312230610000018 176 0.0989083062324902 
312230610000019 409 0.1127533721776074 
312230610000020 31 0.091891005874181 
312230610000021 564 0.1202940545470324 
312230610000023 30 0.0929722635872706 
312230610000024 65 0.0951692384170168 
312230610000025 133 0.0977616224042474 
312230610000026 712 0.1261571710865709 
312230610000027 288 0.1051655405413869 
312230610000030 135 0.0973192879127568 
312230610000031 288 0.1053647747371789 
312230610000032 291 0.1053885932627255 
312230610000033 361 0.1093024344694749 
312230610000034 109 0.0973034841777756 
312230610000035 193 0.1021560216551013 
312230610000036 46 0.0949823469943925 
312230610000037 202 0.1008132522569975 
312230610000038 33 0.0917596666780106 
312230610000039 43 0.0932179172810922 
312230610000040 205 0.1018839579963109 
312230610000041 54 0.0948405111027868 
312230610000042 100 0.0961290066463903 
;

# # Variable cost of PHC j / patient
param:	        ITEM1   SIZE0	FC1		VC1:=
3122309727221 1 1 8 . 
3122302159694 2 2 8 . 
3122302159538 3 2 8 . 
3122302159511 4 2 8 . 
3122300273600 5 1 8 . 
3122302159503 6 2 8 . 
3122302159597 7 4 8 . 
3122302159406 8 2 8 . 
3122307634617 9 1 8 . 
3122302159678 10 2 8 . 
3122302159422 11 1 8 . 
3122302159414 12 2 8 . 
3122304445651 13 1 8 . 
3122306026028 14 1 8 . 
3122304194500 15 1 8 . 
3122302159392 16 1 8 . 
3122309727280 17 1 8 . 
3122302206315 18 2 8 . 
3122307269161 19 3 8 . 
3122307274254 20 1 8 . 
3122302159473 21 3 8 . 
3122307497598 22 1 8 . 
3122302159554 23 2 8 . 
3122306072046 24 1 8 . 
3122302159546 25 1 8 . 
3122302159465 26 1 8 . 
3122307676875 27 1 8 . 
3122306942822 28 1 8 . 
3122302206323 29 1 8 . 
3122304384881 30 1 8 . 
3122304207866 31 1 8 . 
3122302701804 32 1 8 . 
3122302159457 33 1 8 . 
3122302159856 34 1 8 . 
3122302159449 35 2 8 . 
3122307488882 36 1 8 . 
3122306223354 37 1 8 . 
3122305611830 38 1 8 . 
3122302159589 39 2 8 . 
3122306942849 40 1 8 . 
3122302159287 41 1 8 . 
312230605000151 42 . . . 
312230605000197 43 . . . 
312230605000204 44 . . . 
312230605000206 45 . . . 
312230605000277 46 . . . 
312230605000278 47 . . . 
312230605000356 48 . . . 
312230605000373 49 . . . 
312230605000377 50 . . . 
312230605000418 51 . . . 
312230605000486 52 . . . 
312230605000524 53 . . . 
312230605000565 54 . . . 
312230605000566 55 . . . 
312230605000568 56 . . . 
312230605000592 57 . . . 
312230605000594 58 . . . 
312230605000595 59 . . . 
312230605000596 60 . . . 
312230605000644 61 . . . 
312230605000649 62 . . . 
312230605000662 63 . . . 
312230610000002 64 . . . 
312230610000007 65 . . . 
312230610000008 66 . . . 
312230610000009 67 . . . 
312230610000016 68 . . . 
312230610000034 69 . . . 
312230610000035 70 . . . 
312230610000040 71 . . . 
;

param:	ITEM2   FC2		VC2:=
SHC1	1       200000		10
;

param:	ITEM3   FC3		VC3:=
THC1	1       300000		20
;

# Team cost K1 ($/year)
# 		Folha mensal	Encargos	Insumos	Transporte	Supervisão
# eSF	 R$ 1.455.500.00 	50000	45000	7500	3500	5000
# eSB	 R$ 640.420.00 	22000	19800	3300	1540	2200
# eMulti (1/9)	 R$ 611.595.56 	92000	82800	13800	6440	9200
# Fonte: Planilha APS_dados.xlsx
param CE1:=
eSF 295093 
eSB 74571 
eMulti 386900 
ACS 36419 
;

# Team cost K2 ($/year)
param CE2:=
EQ2 0 
;

# Team cost K3 ($/year)
param CE3:=
EQ3 0 
;

param D0_2:=
312230605000001 SHC1 20000 
312230605000002 SHC1 20000 
312230605000003 SHC1 20000 
312230605000004 SHC1 20000 
312230605000005 SHC1 20000 
312230605000006 SHC1 20000 
312230605000007 SHC1 20000 
312230605000008 SHC1 20000 
312230605000009 SHC1 20000 
312230605000010 SHC1 20000 
312230605000011 SHC1 20000 
312230605000012 SHC1 20000 
312230605000013 SHC1 20000 
312230605000014 SHC1 20000 
312230605000015 SHC1 20000 
312230605000016 SHC1 20000 
312230605000017 SHC1 20000 
312230605000018 SHC1 20000 
312230605000019 SHC1 20000 
312230605000020 SHC1 20000 
312230605000021 SHC1 20000 
312230605000022 SHC1 20000 
312230605000023 SHC1 20000 
312230605000024 SHC1 20000 
312230605000025 SHC1 20000 
312230605000026 SHC1 20000 
312230605000027 SHC1 20000 
312230605000028 SHC1 20000 
312230605000029 SHC1 20000 
312230605000030 SHC1 20000 
312230605000031 SHC1 20000 
312230605000032 SHC1 20000 
312230605000033 SHC1 20000 
312230605000034 SHC1 20000 
312230605000035 SHC1 20000 
312230605000036 SHC1 20000 
312230605000037 SHC1 20000 
312230605000038 SHC1 20000 
312230605000040 SHC1 20000 
312230605000041 SHC1 20000 
312230605000042 SHC1 20000 
312230605000043 SHC1 20000 
312230605000044 SHC1 20000 
312230605000045 SHC1 20000 
312230605000046 SHC1 20000 
312230605000047 SHC1 20000 
312230605000048 SHC1 20000 
312230605000050 SHC1 20000 
312230605000051 SHC1 20000 
312230605000052 SHC1 20000 
312230605000053 SHC1 20000 
312230605000054 SHC1 20000 
312230605000056 SHC1 20000 
312230605000057 SHC1 20000 
312230605000058 SHC1 20000 
312230605000059 SHC1 20000 
312230605000060 SHC1 20000 
312230605000061 SHC1 20000 
312230605000063 SHC1 20000 
312230605000064 SHC1 20000 
312230605000065 SHC1 20000 
312230605000066 SHC1 20000 
312230605000067 SHC1 20000 
312230605000068 SHC1 20000 
312230605000069 SHC1 20000 
312230605000070 SHC1 20000 
312230605000072 SHC1 20000 
312230605000073 SHC1 20000 
312230605000074 SHC1 20000 
312230605000075 SHC1 20000 
312230605000076 SHC1 20000 
312230605000077 SHC1 20000 
312230605000078 SHC1 20000 
312230605000079 SHC1 20000 
312230605000080 SHC1 20000 
312230605000081 SHC1 20000 
312230605000084 SHC1 20000 
312230605000085 SHC1 20000 
312230605000086 SHC1 20000 
312230605000087 SHC1 20000 
312230605000089 SHC1 20000 
312230605000090 SHC1 20000 
312230605000091 SHC1 20000 
312230605000092 SHC1 20000 
312230605000096 SHC1 20000 
312230605000097 SHC1 20000 
312230605000098 SHC1 20000 
312230605000099 SHC1 20000 
312230605000100 SHC1 20000 
312230605000101 SHC1 20000 
312230605000103 SHC1 20000 
312230605000106 SHC1 20000 
312230605000107 SHC1 20000 
312230605000108 SHC1 20000 
312230605000109 SHC1 20000 
312230605000110 SHC1 20000 
312230605000112 SHC1 20000 
312230605000113 SHC1 20000 
312230605000114 SHC1 20000 
312230605000115 SHC1 20000 
312230605000116 SHC1 20000 
312230605000118 SHC1 20000 
312230605000119 SHC1 20000 
312230605000120 SHC1 20000 
312230605000121 SHC1 20000 
312230605000122 SHC1 20000 
312230605000123 SHC1 20000 
312230605000124 SHC1 20000 
312230605000126 SHC1 20000 
312230605000127 SHC1 20000 
312230605000128 SHC1 20000 
312230605000129 SHC1 20000 
312230605000133 SHC1 20000 
312230605000134 SHC1 20000 
312230605000135 SHC1 20000 
312230605000136 SHC1 20000 
312230605000137 SHC1 20000 
312230605000138 SHC1 20000 
312230605000139 SHC1 20000 
312230605000141 SHC1 20000 
312230605000142 SHC1 20000 
312230605000143 SHC1 20000 
312230605000144 SHC1 20000 
312230605000147 SHC1 20000 
312230605000148 SHC1 20000 
312230605000149 SHC1 20000 
312230605000150 SHC1 20000 
312230605000151 SHC1 20000 
312230605000158 SHC1 20000 
312230605000160 SHC1 20000 
312230605000163 SHC1 20000 
312230605000164 SHC1 20000 
312230605000165 SHC1 20000 
312230605000166 SHC1 20000 
312230605000168 SHC1 20000 
312230605000169 SHC1 20000 
312230605000170 SHC1 20000 
312230605000172 SHC1 20000 
312230605000178 SHC1 20000 
312230605000180 SHC1 20000 
312230605000181 SHC1 20000 
312230605000182 SHC1 20000 
312230605000185 SHC1 20000 
312230605000189 SHC1 20000 
312230605000190 SHC1 20000 
312230605000194 SHC1 20000 
312230605000195 SHC1 20000 
312230605000196 SHC1 20000 
312230605000197 SHC1 20000 
312230605000200 SHC1 20000 
312230605000202 SHC1 20000 
312230605000204 SHC1 20000 
312230605000205 SHC1 20000 
312230605000206 SHC1 20000 
312230605000208 SHC1 20000 
312230605000209 SHC1 20000 
312230605000210 SHC1 20000 
312230605000211 SHC1 20000 
312230605000212 SHC1 20000 
312230605000213 SHC1 20000 
312230605000214 SHC1 20000 
312230605000215 SHC1 20000 
312230605000216 SHC1 20000 
312230605000217 SHC1 20000 
312230605000219 SHC1 20000 
312230605000220 SHC1 20000 
312230605000221 SHC1 20000 
312230605000222 SHC1 20000 
312230605000223 SHC1 20000 
312230605000225 SHC1 20000 
312230605000226 SHC1 20000 
312230605000227 SHC1 20000 
312230605000228 SHC1 20000 
312230605000229 SHC1 20000 
312230605000230 SHC1 20000 
312230605000231 SHC1 20000 
312230605000233 SHC1 20000 
312230605000236 SHC1 20000 
312230605000237 SHC1 20000 
312230605000238 SHC1 20000 
312230605000239 SHC1 20000 
312230605000240 SHC1 20000 
312230605000241 SHC1 20000 
312230605000242 SHC1 20000 
312230605000243 SHC1 20000 
312230605000245 SHC1 20000 
312230605000247 SHC1 20000 
312230605000248 SHC1 20000 
312230605000249 SHC1 20000 
312230605000250 SHC1 20000 
312230605000251 SHC1 20000 
312230605000252 SHC1 20000 
312230605000254 SHC1 20000 
312230605000255 SHC1 20000 
312230605000256 SHC1 20000 
312230605000257 SHC1 20000 
312230605000258 SHC1 20000 
312230605000260 SHC1 20000 
312230605000261 SHC1 20000 
312230605000262 SHC1 20000 
312230605000263 SHC1 20000 
312230605000264 SHC1 20000 
312230605000265 SHC1 20000 
312230605000266 SHC1 20000 
312230605000267 SHC1 20000 
312230605000270 SHC1 20000 
312230605000271 SHC1 20000 
312230605000275 SHC1 20000 
312230605000276 SHC1 20000 
312230605000277 SHC1 20000 
312230605000278 SHC1 20000 
312230605000279 SHC1 20000 
312230605000280 SHC1 20000 
312230605000281 SHC1 20000 
312230605000282 SHC1 20000 
312230605000283 SHC1 20000 
312230605000284 SHC1 20000 
312230605000286 SHC1 20000 
312230605000287 SHC1 20000 
312230605000288 SHC1 20000 
312230605000289 SHC1 20000 
312230605000290 SHC1 20000 
312230605000291 SHC1 20000 
312230605000293 SHC1 20000 
312230605000294 SHC1 20000 
312230605000296 SHC1 20000 
312230605000297 SHC1 20000 
312230605000298 SHC1 20000 
312230605000299 SHC1 20000 
312230605000302 SHC1 20000 
312230605000303 SHC1 20000 
312230605000305 SHC1 20000 
312230605000306 SHC1 20000 
312230605000308 SHC1 20000 
312230605000309 SHC1 20000 
312230605000310 SHC1 20000 
312230605000312 SHC1 20000 
312230605000313 SHC1 20000 
312230605000317 SHC1 20000 
312230605000322 SHC1 20000 
312230605000323 SHC1 20000 
312230605000324 SHC1 20000 
312230605000325 SHC1 20000 
312230605000326 SHC1 20000 
312230605000330 SHC1 20000 
312230605000332 SHC1 20000 
312230605000333 SHC1 20000 
312230605000337 SHC1 20000 
312230605000338 SHC1 20000 
312230605000339 SHC1 20000 
312230605000341 SHC1 20000 
312230605000343 SHC1 20000 
312230605000348 SHC1 20000 
312230605000351 SHC1 20000 
312230605000354 SHC1 20000 
312230605000355 SHC1 20000 
312230605000356 SHC1 20000 
312230605000357 SHC1 20000 
312230605000362 SHC1 20000 
312230605000366 SHC1 20000 
312230605000370 SHC1 20000 
312230605000372 SHC1 20000 
312230605000373 SHC1 20000 
312230605000375 SHC1 20000 
312230605000376 SHC1 20000 
312230605000377 SHC1 20000 
312230605000378 SHC1 20000 
312230605000382 SHC1 20000 
312230605000383 SHC1 20000 
312230605000384 SHC1 20000 
312230605000385 SHC1 20000 
312230605000386 SHC1 20000 
312230605000387 SHC1 20000 
312230605000388 SHC1 20000 
312230605000391 SHC1 20000 
312230605000393 SHC1 20000 
312230605000394 SHC1 20000 
312230605000396 SHC1 20000 
312230605000397 SHC1 20000 
312230605000398 SHC1 20000 
312230605000401 SHC1 20000 
312230605000402 SHC1 20000 
312230605000403 SHC1 20000 
312230605000404 SHC1 20000 
312230605000405 SHC1 20000 
312230605000408 SHC1 20000 
312230605000409 SHC1 20000 
312230605000410 SHC1 20000 
312230605000411 SHC1 20000 
312230605000415 SHC1 20000 
312230605000418 SHC1 20000 
312230605000421 SHC1 20000 
312230605000422 SHC1 20000 
312230605000423 SHC1 20000 
312230605000426 SHC1 20000 
312230605000428 SHC1 20000 
312230605000429 SHC1 20000 
312230605000430 SHC1 20000 
312230605000431 SHC1 20000 
312230605000444 SHC1 20000 
312230605000445 SHC1 20000 
312230605000448 SHC1 20000 
312230605000450 SHC1 20000 
312230605000451 SHC1 20000 
312230605000452 SHC1 20000 
312230605000453 SHC1 20000 
312230605000454 SHC1 20000 
312230605000455 SHC1 20000 
312230605000456 SHC1 20000 
312230605000457 SHC1 20000 
312230605000458 SHC1 20000 
312230605000461 SHC1 20000 
312230605000462 SHC1 20000 
312230605000463 SHC1 20000 
312230605000464 SHC1 20000 
312230605000465 SHC1 20000 
312230605000466 SHC1 20000 
312230605000467 SHC1 20000 
312230605000468 SHC1 20000 
312230605000469 SHC1 20000 
312230605000471 SHC1 20000 
312230605000472 SHC1 20000 
312230605000473 SHC1 20000 
312230605000474 SHC1 20000 
312230605000475 SHC1 20000 
312230605000476 SHC1 20000 
312230605000477 SHC1 20000 
312230605000478 SHC1 20000 
312230605000479 SHC1 20000 
312230605000480 SHC1 20000 
312230605000481 SHC1 20000 
312230605000482 SHC1 20000 
312230605000483 SHC1 20000 
312230605000484 SHC1 20000 
312230605000485 SHC1 20000 
312230605000486 SHC1 20000 
312230605000487 SHC1 20000 
312230605000488 SHC1 20000 
312230605000489 SHC1 20000 
312230605000490 SHC1 20000 
312230605000491 SHC1 20000 
312230605000492 SHC1 20000 
312230605000493 SHC1 20000 
312230605000494 SHC1 20000 
312230605000496 SHC1 20000 
312230605000497 SHC1 20000 
312230605000498 SHC1 20000 
312230605000499 SHC1 20000 
312230605000500 SHC1 20000 
312230605000501 SHC1 20000 
312230605000502 SHC1 20000 
312230605000503 SHC1 20000 
312230605000504 SHC1 20000 
312230605000506 SHC1 20000 
312230605000507 SHC1 20000 
312230605000508 SHC1 20000 
312230605000509 SHC1 20000 
312230605000510 SHC1 20000 
312230605000511 SHC1 20000 
312230605000512 SHC1 20000 
312230605000513 SHC1 20000 
312230605000514 SHC1 20000 
312230605000515 SHC1 20000 
312230605000516 SHC1 20000 
312230605000518 SHC1 20000 
312230605000519 SHC1 20000 
312230605000520 SHC1 20000 
312230605000522 SHC1 20000 
312230605000523 SHC1 20000 
312230605000524 SHC1 20000 
312230605000525 SHC1 20000 
312230605000526 SHC1 20000 
312230605000527 SHC1 20000 
312230605000528 SHC1 20000 
312230605000529 SHC1 20000 
312230605000532 SHC1 20000 
312230605000533 SHC1 20000 
312230605000534 SHC1 20000 
312230605000535 SHC1 20000 
312230605000537 SHC1 20000 
312230605000538 SHC1 20000 
312230605000539 SHC1 20000 
312230605000540 SHC1 20000 
312230605000541 SHC1 20000 
312230605000542 SHC1 20000 
312230605000543 SHC1 20000 
312230605000544 SHC1 20000 
312230605000548 SHC1 20000 
312230605000550 SHC1 20000 
312230605000551 SHC1 20000 
312230605000552 SHC1 20000 
312230605000553 SHC1 20000 
312230605000554 SHC1 20000 
312230605000555 SHC1 20000 
312230605000556 SHC1 20000 
312230605000557 SHC1 20000 
312230605000558 SHC1 20000 
312230605000559 SHC1 20000 
312230605000560 SHC1 20000 
312230605000561 SHC1 20000 
312230605000562 SHC1 20000 
312230605000563 SHC1 20000 
312230605000564 SHC1 20000 
312230605000565 SHC1 20000 
312230605000566 SHC1 20000 
312230605000568 SHC1 20000 
312230605000571 SHC1 20000 
312230605000572 SHC1 20000 
312230605000573 SHC1 20000 
312230605000574 SHC1 20000 
312230605000575 SHC1 20000 
312230605000576 SHC1 20000 
312230605000577 SHC1 20000 
312230605000578 SHC1 20000 
312230605000579 SHC1 20000 
312230605000580 SHC1 20000 
312230605000581 SHC1 20000 
312230605000582 SHC1 20000 
312230605000583 SHC1 20000 
312230605000584 SHC1 20000 
312230605000585 SHC1 20000 
312230605000586 SHC1 20000 
312230605000587 SHC1 20000 
312230605000588 SHC1 20000 
312230605000589 SHC1 20000 
312230605000590 SHC1 20000 
312230605000591 SHC1 20000 
312230605000592 SHC1 20000 
312230605000593 SHC1 20000 
312230605000594 SHC1 20000 
312230605000595 SHC1 20000 
312230605000596 SHC1 20000 
312230605000597 SHC1 20000 
312230605000598 SHC1 20000 
312230605000599 SHC1 20000 
312230605000600 SHC1 20000 
312230605000601 SHC1 20000 
312230605000602 SHC1 20000 
312230605000603 SHC1 20000 
312230605000604 SHC1 20000 
312230605000605 SHC1 20000 
312230605000606 SHC1 20000 
312230605000607 SHC1 20000 
312230605000608 SHC1 20000 
312230605000609 SHC1 20000 
312230605000611 SHC1 20000 
312230605000612 SHC1 20000 
312230605000613 SHC1 20000 
312230605000614 SHC1 20000 
312230605000615 SHC1 20000 
312230605000616 SHC1 20000 
312230605000617 SHC1 20000 
312230605000618 SHC1 20000 
312230605000619 SHC1 20000 
312230605000620 SHC1 20000 
312230605000621 SHC1 20000 
312230605000622 SHC1 20000 
312230605000624 SHC1 20000 
312230605000625 SHC1 20000 
312230605000626 SHC1 20000 
312230605000627 SHC1 20000 
312230605000628 SHC1 20000 
312230605000629 SHC1 20000 
312230605000630 SHC1 20000 
312230605000631 SHC1 20000 
312230605000632 SHC1 20000 
312230605000633 SHC1 20000 
312230605000634 SHC1 20000 
312230605000635 SHC1 20000 
312230605000636 SHC1 20000 
312230605000637 SHC1 20000 
312230605000638 SHC1 20000 
312230605000639 SHC1 20000 
312230605000640 SHC1 20000 
312230605000641 SHC1 20000 
312230605000642 SHC1 20000 
312230605000643 SHC1 20000 
312230605000644 SHC1 20000 
312230605000645 SHC1 20000 
312230605000646 SHC1 20000 
312230605000647 SHC1 20000 
312230605000648 SHC1 20000 
312230605000649 SHC1 20000 
312230605000650 SHC1 20000 
312230605000651 SHC1 20000 
312230605000652 SHC1 20000 
312230605000653 SHC1 20000 
312230605000654 SHC1 20000 
312230605000655 SHC1 20000 
312230605000656 SHC1 20000 
312230605000657 SHC1 20000 
312230605000658 SHC1 20000 
312230605000659 SHC1 20000 
312230605000660 SHC1 20000 
312230605000662 SHC1 20000 
312230605000664 SHC1 20000 
312230605000665 SHC1 20000 
312230605000666 SHC1 20000 
312230605000667 SHC1 20000 
312230605000668 SHC1 20000 
312230605000669 SHC1 20000 
312230605000670 SHC1 20000 
312230605000671 SHC1 20000 
312230605000672 SHC1 20000 
312230605000673 SHC1 20000 
312230605000674 SHC1 20000 
312230605000675 SHC1 20000 
312230605000676 SHC1 20000 
312230610000002 SHC1 20000 
312230610000003 SHC1 20000 
312230610000004 SHC1 20000 
312230610000006 SHC1 20000 
312230610000007 SHC1 20000 
312230610000008 SHC1 20000 
312230610000009 SHC1 20000 
312230610000010 SHC1 20000 
312230610000012 SHC1 20000 
312230610000013 SHC1 20000 
312230610000014 SHC1 20000 
312230610000016 SHC1 20000 
312230610000018 SHC1 20000 
312230610000019 SHC1 20000 
312230610000020 SHC1 20000 
312230610000021 SHC1 20000 
312230610000023 SHC1 20000 
312230610000024 SHC1 20000 
312230610000025 SHC1 20000 
312230610000026 SHC1 20000 
312230610000027 SHC1 20000 
312230610000030 SHC1 20000 
312230610000031 SHC1 20000 
312230610000032 SHC1 20000 
312230610000033 SHC1 20000 
312230610000034 SHC1 20000 
312230610000035 SHC1 20000 
312230610000036 SHC1 20000 
312230610000037 SHC1 20000 
312230610000038 SHC1 20000 
312230610000039 SHC1 20000 
312230610000040 SHC1 20000 
312230610000041 SHC1 20000 
312230610000042 SHC1 20000 
;

param D0_3:=
312230605000001 THC1 35000 
312230605000002 THC1 35000 
312230605000003 THC1 35000 
312230605000004 THC1 35000 
312230605000005 THC1 35000 
312230605000006 THC1 35000 
312230605000007 THC1 35000 
312230605000008 THC1 35000 
312230605000009 THC1 35000 
312230605000010 THC1 35000 
312230605000011 THC1 35000 
312230605000012 THC1 35000 
312230605000013 THC1 35000 
312230605000014 THC1 35000 
312230605000015 THC1 35000 
312230605000016 THC1 35000 
312230605000017 THC1 35000 
312230605000018 THC1 35000 
312230605000019 THC1 35000 
312230605000020 THC1 35000 
312230605000021 THC1 35000 
312230605000022 THC1 35000 
312230605000023 THC1 35000 
312230605000024 THC1 35000 
312230605000025 THC1 35000 
312230605000026 THC1 35000 
312230605000027 THC1 35000 
312230605000028 THC1 35000 
312230605000029 THC1 35000 
312230605000030 THC1 35000 
312230605000031 THC1 35000 
312230605000032 THC1 35000 
312230605000033 THC1 35000 
312230605000034 THC1 35000 
312230605000035 THC1 35000 
312230605000036 THC1 35000 
312230605000037 THC1 35000 
312230605000038 THC1 35000 
312230605000040 THC1 35000 
312230605000041 THC1 35000 
312230605000042 THC1 35000 
312230605000043 THC1 35000 
312230605000044 THC1 35000 
312230605000045 THC1 35000 
312230605000046 THC1 35000 
312230605000047 THC1 35000 
312230605000048 THC1 35000 
312230605000050 THC1 35000 
312230605000051 THC1 35000 
312230605000052 THC1 35000 
312230605000053 THC1 35000 
312230605000054 THC1 35000 
312230605000056 THC1 35000 
312230605000057 THC1 35000 
312230605000058 THC1 35000 
312230605000059 THC1 35000 
312230605000060 THC1 35000 
312230605000061 THC1 35000 
312230605000063 THC1 35000 
312230605000064 THC1 35000 
312230605000065 THC1 35000 
312230605000066 THC1 35000 
312230605000067 THC1 35000 
312230605000068 THC1 35000 
312230605000069 THC1 35000 
312230605000070 THC1 35000 
312230605000072 THC1 35000 
312230605000073 THC1 35000 
312230605000074 THC1 35000 
312230605000075 THC1 35000 
312230605000076 THC1 35000 
312230605000077 THC1 35000 
312230605000078 THC1 35000 
312230605000079 THC1 35000 
312230605000080 THC1 35000 
312230605000081 THC1 35000 
312230605000084 THC1 35000 
312230605000085 THC1 35000 
312230605000086 THC1 35000 
312230605000087 THC1 35000 
312230605000089 THC1 35000 
312230605000090 THC1 35000 
312230605000091 THC1 35000 
312230605000092 THC1 35000 
312230605000096 THC1 35000 
312230605000097 THC1 35000 
312230605000098 THC1 35000 
312230605000099 THC1 35000 
312230605000100 THC1 35000 
312230605000101 THC1 35000 
312230605000103 THC1 35000 
312230605000106 THC1 35000 
312230605000107 THC1 35000 
312230605000108 THC1 35000 
312230605000109 THC1 35000 
312230605000110 THC1 35000 
312230605000112 THC1 35000 
312230605000113 THC1 35000 
312230605000114 THC1 35000 
312230605000115 THC1 35000 
312230605000116 THC1 35000 
312230605000118 THC1 35000 
312230605000119 THC1 35000 
312230605000120 THC1 35000 
312230605000121 THC1 35000 
312230605000122 THC1 35000 
312230605000123 THC1 35000 
312230605000124 THC1 35000 
312230605000126 THC1 35000 
312230605000127 THC1 35000 
312230605000128 THC1 35000 
312230605000129 THC1 35000 
312230605000133 THC1 35000 
312230605000134 THC1 35000 
312230605000135 THC1 35000 
312230605000136 THC1 35000 
312230605000137 THC1 35000 
312230605000138 THC1 35000 
312230605000139 THC1 35000 
312230605000141 THC1 35000 
312230605000142 THC1 35000 
312230605000143 THC1 35000 
312230605000144 THC1 35000 
312230605000147 THC1 35000 
312230605000148 THC1 35000 
312230605000149 THC1 35000 
312230605000150 THC1 35000 
312230605000151 THC1 35000 
312230605000158 THC1 35000 
312230605000160 THC1 35000 
312230605000163 THC1 35000 
312230605000164 THC1 35000 
312230605000165 THC1 35000 
312230605000166 THC1 35000 
312230605000168 THC1 35000 
312230605000169 THC1 35000 
312230605000170 THC1 35000 
312230605000172 THC1 35000 
312230605000178 THC1 35000 
312230605000180 THC1 35000 
312230605000181 THC1 35000 
312230605000182 THC1 35000 
312230605000185 THC1 35000 
312230605000189 THC1 35000 
312230605000190 THC1 35000 
312230605000194 THC1 35000 
312230605000195 THC1 35000 
312230605000196 THC1 35000 
312230605000197 THC1 35000 
312230605000200 THC1 35000 
312230605000202 THC1 35000 
312230605000204 THC1 35000 
312230605000205 THC1 35000 
312230605000206 THC1 35000 
312230605000208 THC1 35000 
312230605000209 THC1 35000 
312230605000210 THC1 35000 
312230605000211 THC1 35000 
312230605000212 THC1 35000 
312230605000213 THC1 35000 
312230605000214 THC1 35000 
312230605000215 THC1 35000 
312230605000216 THC1 35000 
312230605000217 THC1 35000 
312230605000219 THC1 35000 
312230605000220 THC1 35000 
312230605000221 THC1 35000 
312230605000222 THC1 35000 
312230605000223 THC1 35000 
312230605000225 THC1 35000 
312230605000226 THC1 35000 
312230605000227 THC1 35000 
312230605000228 THC1 35000 
312230605000229 THC1 35000 
312230605000230 THC1 35000 
312230605000231 THC1 35000 
312230605000233 THC1 35000 
312230605000236 THC1 35000 
312230605000237 THC1 35000 
312230605000238 THC1 35000 
312230605000239 THC1 35000 
312230605000240 THC1 35000 
312230605000241 THC1 35000 
312230605000242 THC1 35000 
312230605000243 THC1 35000 
312230605000245 THC1 35000 
312230605000247 THC1 35000 
312230605000248 THC1 35000 
312230605000249 THC1 35000 
312230605000250 THC1 35000 
312230605000251 THC1 35000 
312230605000252 THC1 35000 
312230605000254 THC1 35000 
312230605000255 THC1 35000 
312230605000256 THC1 35000 
312230605000257 THC1 35000 
312230605000258 THC1 35000 
312230605000260 THC1 35000 
312230605000261 THC1 35000 
312230605000262 THC1 35000 
312230605000263 THC1 35000 
312230605000264 THC1 35000 
312230605000265 THC1 35000 
312230605000266 THC1 35000 
312230605000267 THC1 35000 
312230605000270 THC1 35000 
312230605000271 THC1 35000 
312230605000275 THC1 35000 
312230605000276 THC1 35000 
312230605000277 THC1 35000 
312230605000278 THC1 35000 
312230605000279 THC1 35000 
312230605000280 THC1 35000 
312230605000281 THC1 35000 
312230605000282 THC1 35000 
312230605000283 THC1 35000 
312230605000284 THC1 35000 
312230605000286 THC1 35000 
312230605000287 THC1 35000 
312230605000288 THC1 35000 
312230605000289 THC1 35000 
312230605000290 THC1 35000 
312230605000291 THC1 35000 
312230605000293 THC1 35000 
312230605000294 THC1 35000 
312230605000296 THC1 35000 
312230605000297 THC1 35000 
312230605000298 THC1 35000 
312230605000299 THC1 35000 
312230605000302 THC1 35000 
312230605000303 THC1 35000 
312230605000305 THC1 35000 
312230605000306 THC1 35000 
312230605000308 THC1 35000 
312230605000309 THC1 35000 
312230605000310 THC1 35000 
312230605000312 THC1 35000 
312230605000313 THC1 35000 
312230605000317 THC1 35000 
312230605000322 THC1 35000 
312230605000323 THC1 35000 
312230605000324 THC1 35000 
312230605000325 THC1 35000 
312230605000326 THC1 35000 
312230605000330 THC1 35000 
312230605000332 THC1 35000 
312230605000333 THC1 35000 
312230605000337 THC1 35000 
312230605000338 THC1 35000 
312230605000339 THC1 35000 
312230605000341 THC1 35000 
312230605000343 THC1 35000 
312230605000348 THC1 35000 
312230605000351 THC1 35000 
312230605000354 THC1 35000 
312230605000355 THC1 35000 
312230605000356 THC1 35000 
312230605000357 THC1 35000 
312230605000362 THC1 35000 
312230605000366 THC1 35000 
312230605000370 THC1 35000 
312230605000372 THC1 35000 
312230605000373 THC1 35000 
312230605000375 THC1 35000 
312230605000376 THC1 35000 
312230605000377 THC1 35000 
312230605000378 THC1 35000 
312230605000382 THC1 35000 
312230605000383 THC1 35000 
312230605000384 THC1 35000 
312230605000385 THC1 35000 
312230605000386 THC1 35000 
312230605000387 THC1 35000 
312230605000388 THC1 35000 
312230605000391 THC1 35000 
312230605000393 THC1 35000 
312230605000394 THC1 35000 
312230605000396 THC1 35000 
312230605000397 THC1 35000 
312230605000398 THC1 35000 
312230605000401 THC1 35000 
312230605000402 THC1 35000 
312230605000403 THC1 35000 
312230605000404 THC1 35000 
312230605000405 THC1 35000 
312230605000408 THC1 35000 
312230605000409 THC1 35000 
312230605000410 THC1 35000 
312230605000411 THC1 35000 
312230605000415 THC1 35000 
312230605000418 THC1 35000 
312230605000421 THC1 35000 
312230605000422 THC1 35000 
312230605000423 THC1 35000 
312230605000426 THC1 35000 
312230605000428 THC1 35000 
312230605000429 THC1 35000 
312230605000430 THC1 35000 
312230605000431 THC1 35000 
312230605000444 THC1 35000 
312230605000445 THC1 35000 
312230605000448 THC1 35000 
312230605000450 THC1 35000 
312230605000451 THC1 35000 
312230605000452 THC1 35000 
312230605000453 THC1 35000 
312230605000454 THC1 35000 
312230605000455 THC1 35000 
312230605000456 THC1 35000 
312230605000457 THC1 35000 
312230605000458 THC1 35000 
312230605000461 THC1 35000 
312230605000462 THC1 35000 
312230605000463 THC1 35000 
312230605000464 THC1 35000 
312230605000465 THC1 35000 
312230605000466 THC1 35000 
312230605000467 THC1 35000 
312230605000468 THC1 35000 
312230605000469 THC1 35000 
312230605000471 THC1 35000 
312230605000472 THC1 35000 
312230605000473 THC1 35000 
312230605000474 THC1 35000 
312230605000475 THC1 35000 
312230605000476 THC1 35000 
312230605000477 THC1 35000 
312230605000478 THC1 35000 
312230605000479 THC1 35000 
312230605000480 THC1 35000 
312230605000481 THC1 35000 
312230605000482 THC1 35000 
312230605000483 THC1 35000 
312230605000484 THC1 35000 
312230605000485 THC1 35000 
312230605000486 THC1 35000 
312230605000487 THC1 35000 
312230605000488 THC1 35000 
312230605000489 THC1 35000 
312230605000490 THC1 35000 
312230605000491 THC1 35000 
312230605000492 THC1 35000 
312230605000493 THC1 35000 
312230605000494 THC1 35000 
312230605000496 THC1 35000 
312230605000497 THC1 35000 
312230605000498 THC1 35000 
312230605000499 THC1 35000 
312230605000500 THC1 35000 
312230605000501 THC1 35000 
312230605000502 THC1 35000 
312230605000503 THC1 35000 
312230605000504 THC1 35000 
312230605000506 THC1 35000 
312230605000507 THC1 35000 
312230605000508 THC1 35000 
312230605000509 THC1 35000 
312230605000510 THC1 35000 
312230605000511 THC1 35000 
312230605000512 THC1 35000 
312230605000513 THC1 35000 
312230605000514 THC1 35000 
312230605000515 THC1 35000 
312230605000516 THC1 35000 
312230605000518 THC1 35000 
312230605000519 THC1 35000 
312230605000520 THC1 35000 
312230605000522 THC1 35000 
312230605000523 THC1 35000 
312230605000524 THC1 35000 
312230605000525 THC1 35000 
312230605000526 THC1 35000 
312230605000527 THC1 35000 
312230605000528 THC1 35000 
312230605000529 THC1 35000 
312230605000532 THC1 35000 
312230605000533 THC1 35000 
312230605000534 THC1 35000 
312230605000535 THC1 35000 
312230605000537 THC1 35000 
312230605000538 THC1 35000 
312230605000539 THC1 35000 
312230605000540 THC1 35000 
312230605000541 THC1 35000 
312230605000542 THC1 35000 
312230605000543 THC1 35000 
312230605000544 THC1 35000 
312230605000548 THC1 35000 
312230605000550 THC1 35000 
312230605000551 THC1 35000 
312230605000552 THC1 35000 
312230605000553 THC1 35000 
312230605000554 THC1 35000 
312230605000555 THC1 35000 
312230605000556 THC1 35000 
312230605000557 THC1 35000 
312230605000558 THC1 35000 
312230605000559 THC1 35000 
312230605000560 THC1 35000 
312230605000561 THC1 35000 
312230605000562 THC1 35000 
312230605000563 THC1 35000 
312230605000564 THC1 35000 
312230605000565 THC1 35000 
312230605000566 THC1 35000 
312230605000568 THC1 35000 
312230605000571 THC1 35000 
312230605000572 THC1 35000 
312230605000573 THC1 35000 
312230605000574 THC1 35000 
312230605000575 THC1 35000 
312230605000576 THC1 35000 
312230605000577 THC1 35000 
312230605000578 THC1 35000 
312230605000579 THC1 35000 
312230605000580 THC1 35000 
312230605000581 THC1 35000 
312230605000582 THC1 35000 
312230605000583 THC1 35000 
312230605000584 THC1 35000 
312230605000585 THC1 35000 
312230605000586 THC1 35000 
312230605000587 THC1 35000 
312230605000588 THC1 35000 
312230605000589 THC1 35000 
312230605000590 THC1 35000 
312230605000591 THC1 35000 
312230605000592 THC1 35000 
312230605000593 THC1 35000 
312230605000594 THC1 35000 
312230605000595 THC1 35000 
312230605000596 THC1 35000 
312230605000597 THC1 35000 
312230605000598 THC1 35000 
312230605000599 THC1 35000 
312230605000600 THC1 35000 
312230605000601 THC1 35000 
312230605000602 THC1 35000 
312230605000603 THC1 35000 
312230605000604 THC1 35000 
312230605000605 THC1 35000 
312230605000606 THC1 35000 
312230605000607 THC1 35000 
312230605000608 THC1 35000 
312230605000609 THC1 35000 
312230605000611 THC1 35000 
312230605000612 THC1 35000 
312230605000613 THC1 35000 
312230605000614 THC1 35000 
312230605000615 THC1 35000 
312230605000616 THC1 35000 
312230605000617 THC1 35000 
312230605000618 THC1 35000 
312230605000619 THC1 35000 
312230605000620 THC1 35000 
312230605000621 THC1 35000 
312230605000622 THC1 35000 
312230605000624 THC1 35000 
312230605000625 THC1 35000 
312230605000626 THC1 35000 
312230605000627 THC1 35000 
312230605000628 THC1 35000 
312230605000629 THC1 35000 
312230605000630 THC1 35000 
312230605000631 THC1 35000 
312230605000632 THC1 35000 
312230605000633 THC1 35000 
312230605000634 THC1 35000 
312230605000635 THC1 35000 
312230605000636 THC1 35000 
312230605000637 THC1 35000 
312230605000638 THC1 35000 
312230605000639 THC1 35000 
312230605000640 THC1 35000 
312230605000641 THC1 35000 
312230605000642 THC1 35000 
312230605000643 THC1 35000 
312230605000644 THC1 35000 
312230605000645 THC1 35000 
312230605000646 THC1 35000 
312230605000647 THC1 35000 
312230605000648 THC1 35000 
312230605000649 THC1 35000 
312230605000650 THC1 35000 
312230605000651 THC1 35000 
312230605000652 THC1 35000 
312230605000653 THC1 35000 
312230605000654 THC1 35000 
312230605000655 THC1 35000 
312230605000656 THC1 35000 
312230605000657 THC1 35000 
312230605000658 THC1 35000 
312230605000659 THC1 35000 
312230605000660 THC1 35000 
312230605000662 THC1 35000 
312230605000664 THC1 35000 
312230605000665 THC1 35000 
312230605000666 THC1 35000 
312230605000667 THC1 35000 
312230605000668 THC1 35000 
312230605000669 THC1 35000 
312230605000670 THC1 35000 
312230605000671 THC1 35000 
312230605000672 THC1 35000 
312230605000673 THC1 35000 
312230605000674 THC1 35000 
312230605000675 THC1 35000 
312230605000676 THC1 35000 
312230610000002 THC1 35000 
312230610000003 THC1 35000 
312230610000004 THC1 35000 
312230610000006 THC1 35000 
312230610000007 THC1 35000 
312230610000008 THC1 35000 
312230610000009 THC1 35000 
312230610000010 THC1 35000 
312230610000012 THC1 35000 
312230610000013 THC1 35000 
312230610000014 THC1 35000 
312230610000016 THC1 35000 
312230610000018 THC1 35000 
312230610000019 THC1 35000 
312230610000020 THC1 35000 
312230610000021 THC1 35000 
312230610000023 THC1 35000 
312230610000024 THC1 35000 
312230610000025 THC1 35000 
312230610000026 THC1 35000 
312230610000027 THC1 35000 
312230610000030 THC1 35000 
312230610000031 THC1 35000 
312230610000032 THC1 35000 
312230610000033 THC1 35000 
312230610000034 THC1 35000 
312230610000035 THC1 35000 
312230610000036 THC1 35000 
312230610000037 THC1 35000 
312230610000038 THC1 35000 
312230610000039 THC1 35000 
312230610000040 THC1 35000 
312230610000041 THC1 35000 
312230610000042 THC1 35000 
;

param D1_2:=
3122309727221 SHC1 20000 
3122302159694 SHC1 20000 
3122302159538 SHC1 20000 
3122302159511 SHC1 20000 
3122300273600 SHC1 20000 
3122302159503 SHC1 20000 
3122302159597 SHC1 20000 
3122302159406 SHC1 20000 
3122307634617 SHC1 20000 
3122302159678 SHC1 20000 
3122302159422 SHC1 20000 
3122302159414 SHC1 20000 
3122304445651 SHC1 20000 
3122306026028 SHC1 20000 
3122304194500 SHC1 20000 
3122302159392 SHC1 20000 
3122309727280 SHC1 20000 
3122302206315 SHC1 20000 
3122307269161 SHC1 20000 
3122307274254 SHC1 20000 
3122302159473 SHC1 20000 
3122307497598 SHC1 20000 
3122302159554 SHC1 20000 
3122306072046 SHC1 20000 
3122302159546 SHC1 20000 
3122302159465 SHC1 20000 
3122307676875 SHC1 20000 
3122306942822 SHC1 20000 
3122302206323 SHC1 20000 
3122304384881 SHC1 20000 
3122304207866 SHC1 20000 
3122302701804 SHC1 20000 
3122302159457 SHC1 20000 
3122302159856 SHC1 20000 
3122302159449 SHC1 20000 
3122307488882 SHC1 20000 
3122306223354 SHC1 20000 
3122305611830 SHC1 20000 
3122302159589 SHC1 20000 
3122306942849 SHC1 20000 
3122302159287 SHC1 20000 
312230605000151 SHC1 20000 
312230605000197 SHC1 20000 
312230605000204 SHC1 20000 
312230605000206 SHC1 20000 
312230605000277 SHC1 20000 
312230605000278 SHC1 20000 
312230605000356 SHC1 20000 
312230605000373 SHC1 20000 
312230605000377 SHC1 20000 
312230605000418 SHC1 20000 
312230605000486 SHC1 20000 
312230605000524 SHC1 20000 
312230605000565 SHC1 20000 
312230605000566 SHC1 20000 
312230605000568 SHC1 20000 
312230605000592 SHC1 20000 
312230605000594 SHC1 20000 
312230605000595 SHC1 20000 
312230605000596 SHC1 20000 
312230605000644 SHC1 20000 
312230605000649 SHC1 20000 
312230605000662 SHC1 20000 
312230610000002 SHC1 20000 
312230610000007 SHC1 20000 
312230610000008 SHC1 20000 
312230610000009 SHC1 20000 
312230610000016 SHC1 20000 
312230610000034 SHC1 20000 
312230610000035 SHC1 20000 
312230610000040 SHC1 20000 
;

param D1_3:=
3122309727221 THC1 25000 
3122302159694 THC1 25000 
3122302159538 THC1 25000 
3122302159511 THC1 25000 
3122300273600 THC1 25000 
3122302159503 THC1 25000 
3122302159597 THC1 25000 
3122302159406 THC1 25000 
3122307634617 THC1 25000 
3122302159678 THC1 25000 
3122302159422 THC1 25000 
3122302159414 THC1 25000 
3122304445651 THC1 25000 
3122306026028 THC1 25000 
3122304194500 THC1 25000 
3122302159392 THC1 25000 
3122309727280 THC1 25000 
3122302206315 THC1 25000 
3122307269161 THC1 25000 
3122307274254 THC1 25000 
3122302159473 THC1 25000 
3122307497598 THC1 25000 
3122302159554 THC1 25000 
3122306072046 THC1 25000 
3122302159546 THC1 25000 
3122302159465 THC1 25000 
3122307676875 THC1 25000 
3122306942822 THC1 25000 
3122302206323 THC1 25000 
3122304384881 THC1 25000 
3122304207866 THC1 25000 
3122302701804 THC1 25000 
3122302159457 THC1 25000 
3122302159856 THC1 25000 
3122302159449 THC1 25000 
3122307488882 THC1 25000 
3122306223354 THC1 25000 
3122305611830 THC1 25000 
3122302159589 THC1 25000 
3122306942849 THC1 25000 
3122302159287 THC1 25000 
312230605000151 THC1 25000 
312230605000197 THC1 25000 
312230605000204 THC1 25000 
312230605000206 THC1 25000 
312230605000277 THC1 25000 
312230605000278 THC1 25000 
312230605000356 THC1 25000 
312230605000373 THC1 25000 
312230605000377 THC1 25000 
312230605000418 THC1 25000 
312230605000486 THC1 25000 
312230605000524 THC1 25000 
312230605000565 THC1 25000 
312230605000566 THC1 25000 
312230605000568 THC1 25000 
312230605000592 THC1 25000 
312230605000594 THC1 25000 
312230605000595 THC1 25000 
312230605000596 THC1 25000 
312230605000644 THC1 25000 
312230605000649 THC1 25000 
312230605000662 THC1 25000 
312230610000002 THC1 25000 
312230610000007 THC1 25000 
312230610000008 THC1 25000 
312230610000009 THC1 25000 
312230610000016 THC1 25000 
312230610000034 THC1 25000 
312230610000035 THC1 25000 
312230610000040 THC1 25000 
;

param D2_3:=
SHC1	THC1	20000;

param CNES1(tr):	eSF	eSB	eMulti ACS:=
3122309727221 1 0 0 0 
3122302159694 2 2 0 11 
3122302159538 2 1 0 5 
3122302159511 2 1 0 5 
3122300273600 1 1 0 3 
3122302159503 2 2 1 9 
3122302159597 4 2 0 6 
3122302159406 2 2 1 10 
3122307634617 1 0 0 0 
3122302159678 2 1 1 7 
3122302159422 1 1 0 4 
3122302159414 2 2 1 4 
3122304445651 1 1 0 4 
3122306026028 1 1 1 6 
3122304194500 1 1 0 3 
3122302159392 1 2 0 4 
3122309727280 1 0 0 0 
3122302206315 2 1 0 11 
3122307269161 3 2 1 9 
3122307274254 1 0 0 0 
3122302159473 3 3 1 9 
3122307497598 1 0 0 0 
3122302159554 2 2 0 12 
3122306072046 1 1 0 3 
3122302159546 1 1 0 2 
3122302159465 1 0 0 0 
3122307676875 1 1 0 4 
3122306942822 1 1 0 6 
3122302206323 1 1 0 9 
3122304384881 1 1 0 3 
3122304207866 1 1 0 2 
3122302701804 1 1 0 4 
3122302159457 1 1 0 1 
3122302159856 1 1 0 6 
3122302159449 2 1 0 6 
3122307488882 1 1 0 5 
3122306223354 1 1 0 4 
3122305611830 1 0 0 0 
3122302159589 2 1 0 6 
3122306942849 1 1 0 3 
3122302159287 1 1 0 5 
;

param CNES2: SHC1:=
EQ2	10
;

param CNES3: THC1:=
EQ3	10
;

param C2:=
SHC1	4000000
;

param C3:=
THC1	4000000
;

param U:=
1 10 
2 1 
3 1 
;

param:	 O1_0    O1_2    O1_3:=
3122309727221 0.71 0.2 0.05 
3122302159694 0.71 0.2 0.05 
3122302159538 0.71 0.2 0.05 
3122302159511 0.71 0.2 0.05 
3122300273600 0.71 0.2 0.05 
3122302159503 0.71 0.2 0.05 
3122302159597 0.71 0.2 0.05 
3122302159406 0.71 0.2 0.05 
3122307634617 0.71 0.2 0.05 
3122302159678 0.71 0.2 0.05 
3122302159422 0.71 0.2 0.05 
3122302159414 0.71 0.2 0.05 
3122304445651 0.71 0.2 0.05 
3122306026028 0.71 0.2 0.05 
3122304194500 0.71 0.2 0.05 
3122302159392 0.71 0.2 0.05 
3122309727280 0.71 0.2 0.05 
3122302206315 0.71 0.2 0.05 
3122307269161 0.71 0.2 0.05 
3122307274254 0.71 0.2 0.05 
3122302159473 0.71 0.2 0.05 
3122307497598 0.71 0.2 0.05 
3122302159554 0.71 0.2 0.05 
3122306072046 0.71 0.2 0.05 
3122302159546 0.71 0.2 0.05 
3122302159465 0.71 0.2 0.05 
3122307676875 0.71 0.2 0.05 
3122306942822 0.71 0.2 0.05 
3122302206323 0.71 0.2 0.05 
3122304384881 0.71 0.2 0.05 
3122304207866 0.71 0.2 0.05 
3122302701804 0.71 0.2 0.05 
3122302159457 0.71 0.2 0.05 
3122302159856 0.71 0.2 0.05 
3122302159449 0.71 0.2 0.05 
3122307488882 0.71 0.2 0.05 
3122306223354 0.71 0.2 0.05 
3122305611830 0.71 0.2 0.05 
3122302159589 0.71 0.2 0.05 
3122306942849 0.71 0.2 0.05 
3122302159287 0.71 0.2 0.05 
312230605000151 0.71 0.2 0.05 
312230605000197 0.71 0.2 0.05 
312230605000204 0.71 0.2 0.05 
312230605000206 0.71 0.2 0.05 
312230605000277 0.71 0.2 0.05 
312230605000278 0.71 0.2 0.05 
312230605000356 0.71 0.2 0.05 
312230605000373 0.71 0.2 0.05 
312230605000377 0.71 0.2 0.05 
312230605000418 0.71 0.2 0.05 
312230605000486 0.71 0.2 0.05 
312230605000524 0.71 0.2 0.05 
312230605000565 0.71 0.2 0.05 
312230605000566 0.71 0.2 0.05 
312230605000568 0.71 0.2 0.05 
312230605000592 0.71 0.2 0.05 
312230605000594 0.71 0.2 0.05 
312230605000595 0.71 0.2 0.05 
312230605000596 0.71 0.2 0.05 
312230605000644 0.71 0.2 0.05 
312230605000649 0.71 0.2 0.05 
312230605000662 0.71 0.2 0.05 
312230610000002 0.71 0.2 0.05 
312230610000007 0.71 0.2 0.05 
312230610000008 0.71 0.2 0.05 
312230610000009 0.71 0.2 0.05 
312230610000016 0.71 0.2 0.05 
312230610000034 0.71 0.2 0.05 
312230610000035 0.71 0.2 0.05 
312230610000040 0.71 0.2 0.05 
;

param:	O2_0   O2_1   O2_3 :=
SHC1 0.65 0.2 0.1 
;

param:	O3_0   O3_1   O3_2 :=
THC1 0.8 0.1 0.05 
;

param MAX_TELE_PHC := 0.05;
param MAX_TELE_SHC := 0.05;
param MAX_TELE_THC := 0.05;
param MAX_HOME_PHC := 1;
param MAX_HOME_SHC := 0.15;
param MAX_HOME_THC := 0.05;

end;
