#############################################################################
# Project CNPq: Increasing PHC with team sizing
# Author: João Flávio de Freitas Almeida <joao.flavio@dep.ufmg.br>
# LEPOINT: Laboratório de Estudos em Planejamento de Operações Integradas
# Departamento de Engenharia de Produção
# Universidade Federal de Minas Gerais - Escola de Engenharia
#############################################################################
# Health Care Facility Location Problem: Considering fixed facilities,
# choose intermediate facilities according a criteria that improve service
# quality. Consider health care teams.
#############################################################################
# glpsol -m aps.mod -d LS.dat --cuts

#############################################################################
# DADOS REFERENTES AO MUNICIPIO DE: 
# Lagoa Santa 
#############################################################################
data;
param BUDGET := 16333029.53; # Overall budget constraint ($/year)
param I_L1 := 3818078.0;
param I_L1_exp := 1200000.0;
param: K: Dmax :=
1         5000 # PHC: Primary health care (basic care)
2         30000 # SHC: Secondary health care (intermediate care)
3         35000 # THC: Tertiary health care (hospital care)
;
# Basic health care units teams (PHC)
set E[1] :=
eSF
eSB
eMulti
ACS
;

# Intermediate health care units teams (SHC)
set E[2] :=
EQ2
;

set E[3] :=
EQ3
;

set EL[1] := 
3137605402034
3137602116553
3137605324920
3137602168332
3137605324912
3137602116588
3137605402417
3137602117363
3137605324904
3137602116537
3137602116545
3137605402425
3137602116561
3137604334663
3137602116529
3137606897061
3137606844286
;

set EL[2] := SHC1;
set EL[3] := THC1;
set CL[1] :=
313760105000026
313760105000048
313760105000050
313760105000082
313760105000098
313760105000145
313760105000146
313760105000152
313760105000172
313760105000206
313760105000219
313760105000220
313760105000221
313760105000225
313760105000226
313760105000229
313760105000231
313760105000257
313760105000264
313760105000273
313760105000280
313760114000002
313760114000007
313760114000008
313760114000009
313760114000010
313760115000005
313760115000006
313760115000007
313760115000015
;

set CL[2] := ;
set CL[3] := ;
# of type p at demand point i and 
# vulnerability V (the higher vulnerability, the worse)
# id_setor	populacao	IVS
param: I:       W   IVS:=	
313760105000002 253 0.0978152615209026 
313760105000003 332 0.1008532822127093 
313760105000005 502 0.111091409214131 
313760105000007 312 0.1002396507180869 
313760105000008 505 0.1091577662703957 
313760105000009 426 0.1064678923437288 
313760105000010 294 0.0984002594276688 
313760105000011 305 0.0997341409213944 
313760105000012 543 0.1111474933724198 
313760105000013 620 0.1151909203158073 
313760105000015 607 0.1148892425860088 
313760105000016 139 0.0923032178409604 
313760105000020 380 0.104212105830289 
313760105000021 280 0.0974106126987071 
313760105000022 245 0.095877097359721 
313760105000024 94 0.0932848429368633 
313760105000026 347 0.1020807897839476 
313760105000027 582 0.1137707642275595 
313760105000028 317 0.1020031755981664 
313760105000029 191 0.0942356909473962 
313760105000030 231 0.0962742191269583 
313760105000036 251 0.0974107255585379 
313760105000037 418 0.1050766221342884 
313760105000039 701 0.1190004521891928 
313760105000040 390 0.1041539133682503 
313760105000043 448 0.1061269305949719 
313760105000045 401 0.1048549894490646 
313760105000048 36 0.0853539375687238 
313760105000050 0 0.0987711346752416 
313760105000058 177 0.0954095693726841 
313760105000064 390 0.1028489597898909 
313760105000066 358 0.1038000675387533 
313760105000067 193 0.0953585820619226 
313760105000068 195 0.0943286324273394 
313760105000069 114 0.0910148661681146 
313760105000071 294 0.1006611853702522 
313760105000072 311 0.0999536659095528 
313760105000074 428 0.1065982942326598 
313760105000075 174 0.093048287042133 
313760105000076 179 0.0935954781225807 
313760105000077 314 0.0994636622518746 
313760105000078 238 0.097505501683382 
313760105000080 263 0.0972596846595009 
313760105000081 184 0.0935027347031651 
313760105000082 176 0.0949838357307995 
313760105000083 373 0.1024950354362597 
313760105000084 151 0.0916832499209228 
313760105000085 182 0.0942422063732584 
313760105000086 390 0.1044448306160156 
313760105000087 179 0.0934825233306918 
313760105000088 331 0.1003988413952471 
313760105000089 219 0.0947859893759136 
313760105000090 533 0.1100225653782916 
313760105000091 339 0.1007369509710736 
313760105000092 58 0.0876642395752249 
313760105000094 505 0.1102079622726099 
313760105000095 295 0.1001293468282455 
313760105000096 180 0.0916971622704227 
313760105000097 179 0.0936978974269405 
313760105000098 193 0.0943475542885392 
313760105000099 467 0.1077164311037152 
313760105000101 37 0.0865383567222475 
313760105000102 1106 0.1415874559098944 
313760105000103 301 0.0988343446390919 
313760105000105 585 0.1122330388159929 
313760105000106 773 0.1205396239128008 
313760105000108 166 0.0946056614339013 
313760105000109 397 0.1039276897396009 
313760105000110 359 0.1023759511411944 
313760105000112 86 0.0874532618951661 
313760105000114 11 0.083318795771216 
313760105000118 301 0.1010984648550952 
313760105000120 330 0.1016307483520331 
313760105000122 378 0.1039568035833214 
313760105000123 99 0.0914185792294085 
313760105000124 206 0.095225370392 
313760105000125 124 0.091160902022955 
313760105000126 178 0.0944369672305368 
313760105000127 425 0.1065172196567228 
313760105000128 773 0.122335169899115 
313760105000129 378 0.1028526902595426 
313760105000132 336 0.101938231595198 
313760105000133 493 0.108885728038566 
313760105000134 253 0.0974524197523585 
313760105000135 340 0.0995587301328835 
313760105000136 302 0.0981786151615721 
313760105000138 554 0.111254617866055 
313760105000139 324 0.1007095807724348 
313760105000140 527 0.1103642858043659 
313760105000141 200 0.0945023635749011 
313760105000142 226 0.0947936608601369 
313760105000144 84 0.0891495302581629 
313760105000145 382 0.1029781159879676 
313760105000146 68 0.0872093750162143 
313760105000147 306 0.1018166837793826 
313760105000150 545 0.1110016560592341 
313760105000151 290 0.098070017658651 
313760105000152 124 0.0899667339510249 
313760105000161 452 0.1081227873496143 
313760105000162 327 0.1000189245553912 
313760105000163 322 0.0999195841552324 
313760105000164 490 0.1084553072986028 
313760105000165 265 0.096577557934216 
313760105000166 385 0.1049178462931504 
313760105000167 333 0.1016648799146474 
313760105000168 312 0.1004425962205718 
313760105000169 241 0.097713682835478 
313760105000170 417 0.1045020032157612 
313760105000171 382 0.1025684430301734 
313760105000172 123 0.0897164403516585 
313760105000173 187 0.0949956563791251 
313760105000174 153 0.0933324229604059 
313760105000175 238 0.0967949098027302 
313760105000176 316 0.1005049167169307 
313760105000177 320 0.1005429280839421 
313760105000178 361 0.1025829382388912 
313760105000179 231 0.0962380958535365 
313760105000180 373 0.1019787161486188 
313760105000182 507 0.109116552854835 
313760105000183 614 0.114540937001872 
313760105000184 404 0.1039442845932547 
313760105000185 388 0.1030508301935373 
313760105000186 252 0.0966095212737484 
313760105000187 428 0.1056383739966892 
313760105000188 359 0.1016255292015945 
313760105000189 218 0.0953643569191287 
313760105000190 293 0.0980091909671161 
313760105000191 360 0.1011391299398174 
313760105000192 92 0.0881493111816087 
313760105000193 438 0.1050886786386665 
313760105000194 8 0.0837292407569705 
313760105000195 79 0.0874026047041877 
313760105000196 131 0.0919286249024894 
313760105000198 262 0.0961143828929268 
313760105000199 413 0.1043154477780328 
313760105000200 250 0.0954306595381442 
313760105000201 293 0.0985928945708043 
313760105000202 372 0.1027854404117305 
313760105000203 369 0.1019143343704687 
313760105000204 311 0.0990698535917082 
313760105000205 142 0.0933731495841737 
313760105000206 109 0.0922770491491547 
313760105000207 390 0.103571106739167 
313760105000208 405 0.1044386288099711 
313760105000209 619 0.1221304209518995 
313760105000210 48 0.0863407475214673 
313760105000211 240 0.0960983408361264 
313760105000212 154 0.0911495119271883 
313760105000213 321 0.09946832355036 
313760105000214 371 0.1018282227558547 
313760105000215 189 0.0969296674645617 
313760105000216 178 0.0968950618731369 
313760105000217 369 0.1023144539159387 
313760105000218 561 0.1120437879918051 
313760105000219 562 0.1134943053656587 
313760105000220 287 0.097908535795011 
313760105000221 0 0.0987711346752416 
313760105000222 164 0.0916314570842769 
313760105000223 443 0.1061632319653779 
313760105000224 179 0.0921211650350408 
313760105000225 217 0.0940823420486023 
313760105000226 399 0.1030998744537528 
313760105000227 546 0.1111953855158446 
313760105000228 288 0.0977586997823225 
313760105000229 578 0.1116333004774899 
313760105000230 90 0.0918284108465205 
313760105000231 120 0.0934057936951193 
313760105000232 326 0.1016684587773194 
313760105000233 121 0.090945489060121 
313760105000234 388 0.1081579022743522 
313760105000235 393 0.1038733546157933 
313760105000236 309 0.1018709685525963 
313760105000237 411 0.1055958600958959 
313760105000238 331 0.1011840129728803 
313760105000239 443 0.1058942302077816 
313760105000240 240 0.0971990061200696 
313760105000241 358 0.1017036858336898 
313760105000242 282 0.09771526282568 
313760105000243 366 0.1023802433633487 
313760105000245 111 0.0900713842669944 
313760105000246 174 0.0944366628313881 
313760105000247 148 0.0938800609123236 
313760105000248 320 0.1010684285227738 
313760105000249 177 0.09329349409187 
313760105000250 152 0.0929418708615153 
313760105000251 165 0.092515876189728 
313760105000252 348 0.10084828012974 
313760105000253 330 0.1001342025627839 
313760105000254 206 0.0927828436472098 
313760105000255 302 0.0979159466817922 
313760105000256 133 0.0903541111391372 
313760105000257 184 0.0931179888652368 
313760105000258 303 0.0999019489844465 
313760105000259 423 0.1060133753866935 
313760105000260 227 0.0954757011990571 
313760105000261 271 0.0980400759722271 
313760105000262 356 0.1017727714624547 
313760105000263 0 0.0987711346752416 
313760105000264 324 0.0989050817434421 
313760105000265 329 0.1012367307404951 
313760105000266 305 0.0994371813044943 
313760105000267 264 0.0967050578082586 
313760105000268 399 0.1038884940639822 
313760105000269 424 0.1044918699859997 
313760105000270 343 0.1002053696850952 
313760105000271 326 0.099393479776315 
313760105000272 427 0.1050479173550232 
313760105000273 402 0.1031847453898111 
313760105000274 341 0.1002290448549044 
313760105000275 344 0.1006314933352264 
313760105000276 486 0.1076906563887237 
313760105000277 145 0.0918049857720358 
313760105000278 656 0.1167476550537603 
313760105000279 346 0.101300896341525 
313760105000280 331 0.1004297443630244 
313760105000281 151 0.091090385669117 
313760105000282 329 0.1000966827745162 
313760105000283 478 0.1075871995079241 
313760105000284 64 0.0872358860691502 
313760105000285 181 0.0932024968574777 
313760114000002 133 0.0906791465248697 
313760114000007 345 0.1007710625476299 
313760114000008 270 0.0969128795185753 
313760114000009 23 0.0845592630307688 
313760114000010 9 0.0835128322476033 
313760115000001 165 0.0916409383939107 
313760115000002 92 0.0887069284861794 
313760115000003 412 0.1041347886232315 
313760115000005 74 0.0868718991653159 
313760115000006 0 0.0987711346752416 
313760115000007 51 0.0882607933930973 
313760115000008 354 0.1014303734334127 
313760115000009 279 0.0976520239401802 
313760115000010 135 0.0913053295527946 
313760115000011 356 0.1074577641089555 
313760115000014 182 0.0938500872430927 
313760115000015 0 0.0987711346752416 
313760115000018 394 0.1066654204478486 
313760115000019 43 0.0856566249476701 
313760115000020 925 0.131200424669583 
313760115000021 163 0.0921046814372009 
313760115000022 243 0.0956367496431944 
313760115000023 54 0.0873513527056354 
313760115000024 303 0.0990152090766185 
313760115000025 334 0.1008554210945785 
313760115000026 271 0.097191896854129 
313760115000027 339 0.1006559446036774 
313760115000029 122 0.0932625249372529 
313760115000030 73 0.0871042281630559 
313760115000031 352 0.1011838525125414 
313760115000032 340 0.1006425499867704 
313760115000033 248 0.0947056296149419 
313760115000034 231 0.0953026837763586 
;

# # Variable cost of PHC j / patient
param:	        ITEM1   SIZE0	FC1		VC1:=
3137605402034 1 1 8 . 
3137602116553 2 1 8 . 
3137605324920 3 2 8 . 
3137602168332 4 1 8 . 
3137605324912 5 1 8 . 
3137602116588 6 1 8 . 
3137605402417 7 2 8 . 
3137602117363 8 2 8 . 
3137605324904 9 1 8 . 
3137602116537 10 1 8 . 
3137602116545 11 1 8 . 
3137605402425 12 1 8 . 
3137602116561 13 2 8 . 
3137604334663 14 1 8 . 
3137602116529 15 2 8 . 
3137606897061 16 1 8 . 
3137606844286 17 2 8 . 
313760105000026 18 . . . 
313760105000048 19 . . . 
313760105000050 20 . . . 
313760105000082 21 . . . 
313760105000098 22 . . . 
313760105000145 23 . . . 
313760105000146 24 . . . 
313760105000152 25 . . . 
313760105000172 26 . . . 
313760105000206 27 . . . 
313760105000219 28 . . . 
313760105000220 29 . . . 
313760105000221 30 . . . 
313760105000225 31 . . . 
313760105000226 32 . . . 
313760105000229 33 . . . 
313760105000231 34 . . . 
313760105000257 35 . . . 
313760105000264 36 . . . 
313760105000273 37 . . . 
313760105000280 38 . . . 
313760114000002 39 . . . 
313760114000007 40 . . . 
313760114000008 41 . . . 
313760114000009 42 . . . 
313760114000010 43 . . . 
313760115000005 44 . . . 
313760115000006 45 . . . 
313760115000007 46 . . . 
313760115000015 47 . . . 
;

param:	ITEM2   FC2		VC2:=
SHC1	1       200000		10
;

param:	ITEM3   FC3		VC3:=
THC1	1       300000		20
;

# Team cost K1 ($/year)
# 		Folha mensal	Encargos	Insumos	Transporte	Supervisão
# eSF	 R$ 1.455.500.00 	50000	45000	7500	3500	5000
# eSB	 R$ 640.420.00 	22000	19800	3300	1540	2200
# eMulti (1/9)	 R$ 611.595.56 	92000	82800	13800	6440	9200
# Fonte: Planilha APS_dados.xlsx
param CE1:=
eSF 288000 
eSB 105248 
eMulti 322625 
ACS 36280 
;

# Team cost K2 ($/year)
param CE2:=
EQ2 0 
;

# Team cost K3 ($/year)
param CE3:=
EQ3 0 
;

param D0_2:=
313760105000002 SHC1 20000 
313760105000003 SHC1 20000 
313760105000005 SHC1 20000 
313760105000007 SHC1 20000 
313760105000008 SHC1 20000 
313760105000009 SHC1 20000 
313760105000010 SHC1 20000 
313760105000011 SHC1 20000 
313760105000012 SHC1 20000 
313760105000013 SHC1 20000 
313760105000015 SHC1 20000 
313760105000016 SHC1 20000 
313760105000020 SHC1 20000 
313760105000021 SHC1 20000 
313760105000022 SHC1 20000 
313760105000024 SHC1 20000 
313760105000026 SHC1 20000 
313760105000027 SHC1 20000 
313760105000028 SHC1 20000 
313760105000029 SHC1 20000 
313760105000030 SHC1 20000 
313760105000036 SHC1 20000 
313760105000037 SHC1 20000 
313760105000039 SHC1 20000 
313760105000040 SHC1 20000 
313760105000043 SHC1 20000 
313760105000045 SHC1 20000 
313760105000048 SHC1 20000 
313760105000050 SHC1 20000 
313760105000058 SHC1 20000 
313760105000064 SHC1 20000 
313760105000066 SHC1 20000 
313760105000067 SHC1 20000 
313760105000068 SHC1 20000 
313760105000069 SHC1 20000 
313760105000071 SHC1 20000 
313760105000072 SHC1 20000 
313760105000074 SHC1 20000 
313760105000075 SHC1 20000 
313760105000076 SHC1 20000 
313760105000077 SHC1 20000 
313760105000078 SHC1 20000 
313760105000080 SHC1 20000 
313760105000081 SHC1 20000 
313760105000082 SHC1 20000 
313760105000083 SHC1 20000 
313760105000084 SHC1 20000 
313760105000085 SHC1 20000 
313760105000086 SHC1 20000 
313760105000087 SHC1 20000 
313760105000088 SHC1 20000 
313760105000089 SHC1 20000 
313760105000090 SHC1 20000 
313760105000091 SHC1 20000 
313760105000092 SHC1 20000 
313760105000094 SHC1 20000 
313760105000095 SHC1 20000 
313760105000096 SHC1 20000 
313760105000097 SHC1 20000 
313760105000098 SHC1 20000 
313760105000099 SHC1 20000 
313760105000101 SHC1 20000 
313760105000102 SHC1 20000 
313760105000103 SHC1 20000 
313760105000105 SHC1 20000 
313760105000106 SHC1 20000 
313760105000108 SHC1 20000 
313760105000109 SHC1 20000 
313760105000110 SHC1 20000 
313760105000112 SHC1 20000 
313760105000114 SHC1 20000 
313760105000118 SHC1 20000 
313760105000120 SHC1 20000 
313760105000122 SHC1 20000 
313760105000123 SHC1 20000 
313760105000124 SHC1 20000 
313760105000125 SHC1 20000 
313760105000126 SHC1 20000 
313760105000127 SHC1 20000 
313760105000128 SHC1 20000 
313760105000129 SHC1 20000 
313760105000132 SHC1 20000 
313760105000133 SHC1 20000 
313760105000134 SHC1 20000 
313760105000135 SHC1 20000 
313760105000136 SHC1 20000 
313760105000138 SHC1 20000 
313760105000139 SHC1 20000 
313760105000140 SHC1 20000 
313760105000141 SHC1 20000 
313760105000142 SHC1 20000 
313760105000144 SHC1 20000 
313760105000145 SHC1 20000 
313760105000146 SHC1 20000 
313760105000147 SHC1 20000 
313760105000150 SHC1 20000 
313760105000151 SHC1 20000 
313760105000152 SHC1 20000 
313760105000161 SHC1 20000 
313760105000162 SHC1 20000 
313760105000163 SHC1 20000 
313760105000164 SHC1 20000 
313760105000165 SHC1 20000 
313760105000166 SHC1 20000 
313760105000167 SHC1 20000 
313760105000168 SHC1 20000 
313760105000169 SHC1 20000 
313760105000170 SHC1 20000 
313760105000171 SHC1 20000 
313760105000172 SHC1 20000 
313760105000173 SHC1 20000 
313760105000174 SHC1 20000 
313760105000175 SHC1 20000 
313760105000176 SHC1 20000 
313760105000177 SHC1 20000 
313760105000178 SHC1 20000 
313760105000179 SHC1 20000 
313760105000180 SHC1 20000 
313760105000182 SHC1 20000 
313760105000183 SHC1 20000 
313760105000184 SHC1 20000 
313760105000185 SHC1 20000 
313760105000186 SHC1 20000 
313760105000187 SHC1 20000 
313760105000188 SHC1 20000 
313760105000189 SHC1 20000 
313760105000190 SHC1 20000 
313760105000191 SHC1 20000 
313760105000192 SHC1 20000 
313760105000193 SHC1 20000 
313760105000194 SHC1 20000 
313760105000195 SHC1 20000 
313760105000196 SHC1 20000 
313760105000198 SHC1 20000 
313760105000199 SHC1 20000 
313760105000200 SHC1 20000 
313760105000201 SHC1 20000 
313760105000202 SHC1 20000 
313760105000203 SHC1 20000 
313760105000204 SHC1 20000 
313760105000205 SHC1 20000 
313760105000206 SHC1 20000 
313760105000207 SHC1 20000 
313760105000208 SHC1 20000 
313760105000209 SHC1 20000 
313760105000210 SHC1 20000 
313760105000211 SHC1 20000 
313760105000212 SHC1 20000 
313760105000213 SHC1 20000 
313760105000214 SHC1 20000 
313760105000215 SHC1 20000 
313760105000216 SHC1 20000 
313760105000217 SHC1 20000 
313760105000218 SHC1 20000 
313760105000219 SHC1 20000 
313760105000220 SHC1 20000 
313760105000221 SHC1 20000 
313760105000222 SHC1 20000 
313760105000223 SHC1 20000 
313760105000224 SHC1 20000 
313760105000225 SHC1 20000 
313760105000226 SHC1 20000 
313760105000227 SHC1 20000 
313760105000228 SHC1 20000 
313760105000229 SHC1 20000 
313760105000230 SHC1 20000 
313760105000231 SHC1 20000 
313760105000232 SHC1 20000 
313760105000233 SHC1 20000 
313760105000234 SHC1 20000 
313760105000235 SHC1 20000 
313760105000236 SHC1 20000 
313760105000237 SHC1 20000 
313760105000238 SHC1 20000 
313760105000239 SHC1 20000 
313760105000240 SHC1 20000 
313760105000241 SHC1 20000 
313760105000242 SHC1 20000 
313760105000243 SHC1 20000 
313760105000245 SHC1 20000 
313760105000246 SHC1 20000 
313760105000247 SHC1 20000 
313760105000248 SHC1 20000 
313760105000249 SHC1 20000 
313760105000250 SHC1 20000 
313760105000251 SHC1 20000 
313760105000252 SHC1 20000 
313760105000253 SHC1 20000 
313760105000254 SHC1 20000 
313760105000255 SHC1 20000 
313760105000256 SHC1 20000 
313760105000257 SHC1 20000 
313760105000258 SHC1 20000 
313760105000259 SHC1 20000 
313760105000260 SHC1 20000 
313760105000261 SHC1 20000 
313760105000262 SHC1 20000 
313760105000263 SHC1 20000 
313760105000264 SHC1 20000 
313760105000265 SHC1 20000 
313760105000266 SHC1 20000 
313760105000267 SHC1 20000 
313760105000268 SHC1 20000 
313760105000269 SHC1 20000 
313760105000270 SHC1 20000 
313760105000271 SHC1 20000 
313760105000272 SHC1 20000 
313760105000273 SHC1 20000 
313760105000274 SHC1 20000 
313760105000275 SHC1 20000 
313760105000276 SHC1 20000 
313760105000277 SHC1 20000 
313760105000278 SHC1 20000 
313760105000279 SHC1 20000 
313760105000280 SHC1 20000 
313760105000281 SHC1 20000 
313760105000282 SHC1 20000 
313760105000283 SHC1 20000 
313760105000284 SHC1 20000 
313760105000285 SHC1 20000 
313760114000002 SHC1 20000 
313760114000007 SHC1 20000 
313760114000008 SHC1 20000 
313760114000009 SHC1 20000 
313760114000010 SHC1 20000 
313760115000001 SHC1 20000 
313760115000002 SHC1 20000 
313760115000003 SHC1 20000 
313760115000005 SHC1 20000 
313760115000006 SHC1 20000 
313760115000007 SHC1 20000 
313760115000008 SHC1 20000 
313760115000009 SHC1 20000 
313760115000010 SHC1 20000 
313760115000011 SHC1 20000 
313760115000014 SHC1 20000 
313760115000015 SHC1 20000 
313760115000018 SHC1 20000 
313760115000019 SHC1 20000 
313760115000020 SHC1 20000 
313760115000021 SHC1 20000 
313760115000022 SHC1 20000 
313760115000023 SHC1 20000 
313760115000024 SHC1 20000 
313760115000025 SHC1 20000 
313760115000026 SHC1 20000 
313760115000027 SHC1 20000 
313760115000029 SHC1 20000 
313760115000030 SHC1 20000 
313760115000031 SHC1 20000 
313760115000032 SHC1 20000 
313760115000033 SHC1 20000 
313760115000034 SHC1 20000 
;

param D0_3:=
313760105000002 THC1 35000 
313760105000003 THC1 35000 
313760105000005 THC1 35000 
313760105000007 THC1 35000 
313760105000008 THC1 35000 
313760105000009 THC1 35000 
313760105000010 THC1 35000 
313760105000011 THC1 35000 
313760105000012 THC1 35000 
313760105000013 THC1 35000 
313760105000015 THC1 35000 
313760105000016 THC1 35000 
313760105000020 THC1 35000 
313760105000021 THC1 35000 
313760105000022 THC1 35000 
313760105000024 THC1 35000 
313760105000026 THC1 35000 
313760105000027 THC1 35000 
313760105000028 THC1 35000 
313760105000029 THC1 35000 
313760105000030 THC1 35000 
313760105000036 THC1 35000 
313760105000037 THC1 35000 
313760105000039 THC1 35000 
313760105000040 THC1 35000 
313760105000043 THC1 35000 
313760105000045 THC1 35000 
313760105000048 THC1 35000 
313760105000050 THC1 35000 
313760105000058 THC1 35000 
313760105000064 THC1 35000 
313760105000066 THC1 35000 
313760105000067 THC1 35000 
313760105000068 THC1 35000 
313760105000069 THC1 35000 
313760105000071 THC1 35000 
313760105000072 THC1 35000 
313760105000074 THC1 35000 
313760105000075 THC1 35000 
313760105000076 THC1 35000 
313760105000077 THC1 35000 
313760105000078 THC1 35000 
313760105000080 THC1 35000 
313760105000081 THC1 35000 
313760105000082 THC1 35000 
313760105000083 THC1 35000 
313760105000084 THC1 35000 
313760105000085 THC1 35000 
313760105000086 THC1 35000 
313760105000087 THC1 35000 
313760105000088 THC1 35000 
313760105000089 THC1 35000 
313760105000090 THC1 35000 
313760105000091 THC1 35000 
313760105000092 THC1 35000 
313760105000094 THC1 35000 
313760105000095 THC1 35000 
313760105000096 THC1 35000 
313760105000097 THC1 35000 
313760105000098 THC1 35000 
313760105000099 THC1 35000 
313760105000101 THC1 35000 
313760105000102 THC1 35000 
313760105000103 THC1 35000 
313760105000105 THC1 35000 
313760105000106 THC1 35000 
313760105000108 THC1 35000 
313760105000109 THC1 35000 
313760105000110 THC1 35000 
313760105000112 THC1 35000 
313760105000114 THC1 35000 
313760105000118 THC1 35000 
313760105000120 THC1 35000 
313760105000122 THC1 35000 
313760105000123 THC1 35000 
313760105000124 THC1 35000 
313760105000125 THC1 35000 
313760105000126 THC1 35000 
313760105000127 THC1 35000 
313760105000128 THC1 35000 
313760105000129 THC1 35000 
313760105000132 THC1 35000 
313760105000133 THC1 35000 
313760105000134 THC1 35000 
313760105000135 THC1 35000 
313760105000136 THC1 35000 
313760105000138 THC1 35000 
313760105000139 THC1 35000 
313760105000140 THC1 35000 
313760105000141 THC1 35000 
313760105000142 THC1 35000 
313760105000144 THC1 35000 
313760105000145 THC1 35000 
313760105000146 THC1 35000 
313760105000147 THC1 35000 
313760105000150 THC1 35000 
313760105000151 THC1 35000 
313760105000152 THC1 35000 
313760105000161 THC1 35000 
313760105000162 THC1 35000 
313760105000163 THC1 35000 
313760105000164 THC1 35000 
313760105000165 THC1 35000 
313760105000166 THC1 35000 
313760105000167 THC1 35000 
313760105000168 THC1 35000 
313760105000169 THC1 35000 
313760105000170 THC1 35000 
313760105000171 THC1 35000 
313760105000172 THC1 35000 
313760105000173 THC1 35000 
313760105000174 THC1 35000 
313760105000175 THC1 35000 
313760105000176 THC1 35000 
313760105000177 THC1 35000 
313760105000178 THC1 35000 
313760105000179 THC1 35000 
313760105000180 THC1 35000 
313760105000182 THC1 35000 
313760105000183 THC1 35000 
313760105000184 THC1 35000 
313760105000185 THC1 35000 
313760105000186 THC1 35000 
313760105000187 THC1 35000 
313760105000188 THC1 35000 
313760105000189 THC1 35000 
313760105000190 THC1 35000 
313760105000191 THC1 35000 
313760105000192 THC1 35000 
313760105000193 THC1 35000 
313760105000194 THC1 35000 
313760105000195 THC1 35000 
313760105000196 THC1 35000 
313760105000198 THC1 35000 
313760105000199 THC1 35000 
313760105000200 THC1 35000 
313760105000201 THC1 35000 
313760105000202 THC1 35000 
313760105000203 THC1 35000 
313760105000204 THC1 35000 
313760105000205 THC1 35000 
313760105000206 THC1 35000 
313760105000207 THC1 35000 
313760105000208 THC1 35000 
313760105000209 THC1 35000 
313760105000210 THC1 35000 
313760105000211 THC1 35000 
313760105000212 THC1 35000 
313760105000213 THC1 35000 
313760105000214 THC1 35000 
313760105000215 THC1 35000 
313760105000216 THC1 35000 
313760105000217 THC1 35000 
313760105000218 THC1 35000 
313760105000219 THC1 35000 
313760105000220 THC1 35000 
313760105000221 THC1 35000 
313760105000222 THC1 35000 
313760105000223 THC1 35000 
313760105000224 THC1 35000 
313760105000225 THC1 35000 
313760105000226 THC1 35000 
313760105000227 THC1 35000 
313760105000228 THC1 35000 
313760105000229 THC1 35000 
313760105000230 THC1 35000 
313760105000231 THC1 35000 
313760105000232 THC1 35000 
313760105000233 THC1 35000 
313760105000234 THC1 35000 
313760105000235 THC1 35000 
313760105000236 THC1 35000 
313760105000237 THC1 35000 
313760105000238 THC1 35000 
313760105000239 THC1 35000 
313760105000240 THC1 35000 
313760105000241 THC1 35000 
313760105000242 THC1 35000 
313760105000243 THC1 35000 
313760105000245 THC1 35000 
313760105000246 THC1 35000 
313760105000247 THC1 35000 
313760105000248 THC1 35000 
313760105000249 THC1 35000 
313760105000250 THC1 35000 
313760105000251 THC1 35000 
313760105000252 THC1 35000 
313760105000253 THC1 35000 
313760105000254 THC1 35000 
313760105000255 THC1 35000 
313760105000256 THC1 35000 
313760105000257 THC1 35000 
313760105000258 THC1 35000 
313760105000259 THC1 35000 
313760105000260 THC1 35000 
313760105000261 THC1 35000 
313760105000262 THC1 35000 
313760105000263 THC1 35000 
313760105000264 THC1 35000 
313760105000265 THC1 35000 
313760105000266 THC1 35000 
313760105000267 THC1 35000 
313760105000268 THC1 35000 
313760105000269 THC1 35000 
313760105000270 THC1 35000 
313760105000271 THC1 35000 
313760105000272 THC1 35000 
313760105000273 THC1 35000 
313760105000274 THC1 35000 
313760105000275 THC1 35000 
313760105000276 THC1 35000 
313760105000277 THC1 35000 
313760105000278 THC1 35000 
313760105000279 THC1 35000 
313760105000280 THC1 35000 
313760105000281 THC1 35000 
313760105000282 THC1 35000 
313760105000283 THC1 35000 
313760105000284 THC1 35000 
313760105000285 THC1 35000 
313760114000002 THC1 35000 
313760114000007 THC1 35000 
313760114000008 THC1 35000 
313760114000009 THC1 35000 
313760114000010 THC1 35000 
313760115000001 THC1 35000 
313760115000002 THC1 35000 
313760115000003 THC1 35000 
313760115000005 THC1 35000 
313760115000006 THC1 35000 
313760115000007 THC1 35000 
313760115000008 THC1 35000 
313760115000009 THC1 35000 
313760115000010 THC1 35000 
313760115000011 THC1 35000 
313760115000014 THC1 35000 
313760115000015 THC1 35000 
313760115000018 THC1 35000 
313760115000019 THC1 35000 
313760115000020 THC1 35000 
313760115000021 THC1 35000 
313760115000022 THC1 35000 
313760115000023 THC1 35000 
313760115000024 THC1 35000 
313760115000025 THC1 35000 
313760115000026 THC1 35000 
313760115000027 THC1 35000 
313760115000029 THC1 35000 
313760115000030 THC1 35000 
313760115000031 THC1 35000 
313760115000032 THC1 35000 
313760115000033 THC1 35000 
313760115000034 THC1 35000 
;

param D1_2:=
3137605402034 SHC1 20000 
3137602116553 SHC1 20000 
3137605324920 SHC1 20000 
3137602168332 SHC1 20000 
3137605324912 SHC1 20000 
3137602116588 SHC1 20000 
3137605402417 SHC1 20000 
3137602117363 SHC1 20000 
3137605324904 SHC1 20000 
3137602116537 SHC1 20000 
3137602116545 SHC1 20000 
3137605402425 SHC1 20000 
3137602116561 SHC1 20000 
3137604334663 SHC1 20000 
3137602116529 SHC1 20000 
3137606897061 SHC1 20000 
3137606844286 SHC1 20000 
313760105000026 SHC1 20000 
313760105000048 SHC1 20000 
313760105000050 SHC1 20000 
313760105000082 SHC1 20000 
313760105000098 SHC1 20000 
313760105000145 SHC1 20000 
313760105000146 SHC1 20000 
313760105000152 SHC1 20000 
313760105000172 SHC1 20000 
313760105000206 SHC1 20000 
313760105000219 SHC1 20000 
313760105000220 SHC1 20000 
313760105000221 SHC1 20000 
313760105000225 SHC1 20000 
313760105000226 SHC1 20000 
313760105000229 SHC1 20000 
313760105000231 SHC1 20000 
313760105000257 SHC1 20000 
313760105000264 SHC1 20000 
313760105000273 SHC1 20000 
313760105000280 SHC1 20000 
313760114000002 SHC1 20000 
313760114000007 SHC1 20000 
313760114000008 SHC1 20000 
313760114000009 SHC1 20000 
313760114000010 SHC1 20000 
313760115000005 SHC1 20000 
313760115000006 SHC1 20000 
313760115000007 SHC1 20000 
313760115000015 SHC1 20000 
;

param D1_3:=
3137605402034 THC1 25000 
3137602116553 THC1 25000 
3137605324920 THC1 25000 
3137602168332 THC1 25000 
3137605324912 THC1 25000 
3137602116588 THC1 25000 
3137605402417 THC1 25000 
3137602117363 THC1 25000 
3137605324904 THC1 25000 
3137602116537 THC1 25000 
3137602116545 THC1 25000 
3137605402425 THC1 25000 
3137602116561 THC1 25000 
3137604334663 THC1 25000 
3137602116529 THC1 25000 
3137606897061 THC1 25000 
3137606844286 THC1 25000 
313760105000026 THC1 25000 
313760105000048 THC1 25000 
313760105000050 THC1 25000 
313760105000082 THC1 25000 
313760105000098 THC1 25000 
313760105000145 THC1 25000 
313760105000146 THC1 25000 
313760105000152 THC1 25000 
313760105000172 THC1 25000 
313760105000206 THC1 25000 
313760105000219 THC1 25000 
313760105000220 THC1 25000 
313760105000221 THC1 25000 
313760105000225 THC1 25000 
313760105000226 THC1 25000 
313760105000229 THC1 25000 
313760105000231 THC1 25000 
313760105000257 THC1 25000 
313760105000264 THC1 25000 
313760105000273 THC1 25000 
313760105000280 THC1 25000 
313760114000002 THC1 25000 
313760114000007 THC1 25000 
313760114000008 THC1 25000 
313760114000009 THC1 25000 
313760114000010 THC1 25000 
313760115000005 THC1 25000 
313760115000006 THC1 25000 
313760115000007 THC1 25000 
313760115000015 THC1 25000 
;

param D2_3:=
SHC1	THC1	20000;

param CNES1(tr):	eSF	eSB	eMulti ACS:=
3137605402034 1 0 0 7 
3137602116553 1 1 0 6 
3137605324920 2 1 0 7 
3137602168332 1 1 0 8 
3137605324912 1 1 0 4 
3137602116588 1 1 0 8 
3137605402417 2 1 0 8 
3137602117363 2 2 1 11 
3137605324904 1 1 0 7 
3137602116537 1 1 0 6 
3137602116545 1 1 1 6 
3137605402425 1 1 1 9 
3137602116561 2 2 1 13 
3137604334663 1 0 0 4 
3137602116529 2 1 1 11 
3137606897061 1 1 0 6 
3137606844286 2 1 0 12 
;

param CNES2: SHC1:=
EQ2	10
;

param CNES3: THC1:=
EQ3	10
;

param C2:=
SHC1	4000000
;

param C3:=
THC1	4000000
;

param U:=
1 10 
2 1 
3 1 
;

param:	 O1_0    O1_2    O1_3:=
3137605402034 0.71 0.2 0.05 
3137602116553 0.71 0.2 0.05 
3137605324920 0.71 0.2 0.05 
3137602168332 0.71 0.2 0.05 
3137605324912 0.71 0.2 0.05 
3137602116588 0.71 0.2 0.05 
3137605402417 0.71 0.2 0.05 
3137602117363 0.71 0.2 0.05 
3137605324904 0.71 0.2 0.05 
3137602116537 0.71 0.2 0.05 
3137602116545 0.71 0.2 0.05 
3137605402425 0.71 0.2 0.05 
3137602116561 0.71 0.2 0.05 
3137604334663 0.71 0.2 0.05 
3137602116529 0.71 0.2 0.05 
3137606897061 0.71 0.2 0.05 
3137606844286 0.71 0.2 0.05 
313760105000026 0.71 0.2 0.05 
313760105000048 0.71 0.2 0.05 
313760105000050 0.71 0.2 0.05 
313760105000082 0.71 0.2 0.05 
313760105000098 0.71 0.2 0.05 
313760105000145 0.71 0.2 0.05 
313760105000146 0.71 0.2 0.05 
313760105000152 0.71 0.2 0.05 
313760105000172 0.71 0.2 0.05 
313760105000206 0.71 0.2 0.05 
313760105000219 0.71 0.2 0.05 
313760105000220 0.71 0.2 0.05 
313760105000221 0.71 0.2 0.05 
313760105000225 0.71 0.2 0.05 
313760105000226 0.71 0.2 0.05 
313760105000229 0.71 0.2 0.05 
313760105000231 0.71 0.2 0.05 
313760105000257 0.71 0.2 0.05 
313760105000264 0.71 0.2 0.05 
313760105000273 0.71 0.2 0.05 
313760105000280 0.71 0.2 0.05 
313760114000002 0.71 0.2 0.05 
313760114000007 0.71 0.2 0.05 
313760114000008 0.71 0.2 0.05 
313760114000009 0.71 0.2 0.05 
313760114000010 0.71 0.2 0.05 
313760115000005 0.71 0.2 0.05 
313760115000006 0.71 0.2 0.05 
313760115000007 0.71 0.2 0.05 
313760115000015 0.71 0.2 0.05 
;

param:	O2_0   O2_1   O2_3 :=
SHC1 0.65 0.2 0.1 
;

param:	O3_0   O3_1   O3_2 :=
THC1 0.8 0.1 0.05 
;

param MAX_TELE_PHC := 0.05;
param MAX_TELE_SHC := 0.05;
param MAX_TELE_THC := 0.05;
param MAX_HOME_PHC := 1;
param MAX_HOME_SHC := 0.15;
param MAX_HOME_THC := 0.05;

end;
